882 449
882 1159
882 1377
1037 430
1037 1159
1037 1377
1037 80
1037 1444
1037 1195
1037 1306
1037 1377
1037 1159
1037 1981
2027 453
1625 1625
1625 1625
764 1159
882 449
882 1159
882 1377
882 1594
882 1906
882 1306
882 1159
882 1377
1669 453
1037 430
1037 1159
1037 1377
1625 1625
1159 895
5 1159
1385 453
263 1159
1159 1768
245 1058
245 410
245 453
245 329
245 1906
245 1587
245 1987
245 1768
841 1151
453 1813
511 511
342 453
1369 1120
1369 465
1369 14
1369 1576
1369 203
1369 641
1369 410
1369 794
1369 1874
1369 272
1369 165
1369 1323
1369 585
1369 852
1369 47
1369 120
1369 999
1369 453
1369 1019
1369 1987
1369 1894
1369 1586
1369 1258
1369 1792
1369 1587
1369 1430
1369 1670
1369 980
1369 306
1369 690
1369 1743
1369 329
1369 1963
1369 419
1369 558
1369 412
1369 1501
1369 817
1369 266
1369 1434
1369 217
1369 1467
1369 25
1369 457
1369 1522
1369 890
1369 1241
1369 24
1369 1976
1369 511
1369 1440
1369 1179
1369 1839
817 31
1625 1625
453 179
353 453
1669 56
1813 453
1037 80
1037 1444
1037 1195
1037 1306
1037 1377
1037 1159
1037 1981
217 1151
217 841
1625 1625
1039 1159
1246 1159
453 994
1159 1526
1039 453
691 1830
1625 1625
1830 691
882 449
882 1159
882 1377
805 1159
2027 453
1157 1159
1287 453
129 1159
1880 453
882 1906
882 1306
882 1377
882 1594
882 1159
882 246
453 1039
1758 1159
1625 1625
24 31
453 1287
1095 1159
1246 1159
994 453
1 453
453 994
1246 1159
1369 1369
702 56
1625 1625
882 449
882 1159
882 1377
223 1159
1257 1159
2027 453
1625 1625
895 453
1800 1159
498 1159
179 1159
1037 80
1037 1444
1037 1195
1037 1306
1037 1377
1037 1159
1037 1981
453 2027
737 737
1037 80
1037 1444
1037 1195
1037 1306
1037 1377
1037 1159
1037 1981
702 56
882 1377
882 1952
882 1306
882 1159
882 246
228 1159
453 994
453 1082
1625 1625
1384 1159
895 453
1625 1625
1669 56
1287 121
1287 1277
1287 1919
1287 423
1287 453
1287 1669
1287 2027
1287 1619
1287 278
1287 869
1323 1841
87 1159
2027 453
1328 713
1328 453
1082 453
1082 1813
713 205
713 195
713 453
969 453
994 453
1998 1151
1998 217
1998 841
1159 1880
1220 1220
453 2027
1037 430
1037 1159
1037 1377
1625 1625
1037 80
1037 1444
1037 1195
1037 1306
1037 1377
1037 1159
1037 1981
453 195
882 449
882 1159
882 1377
2027 1955
943 1151
943 217
943 841
943 1998
943 817
882 449
882 1159
882 1377
1159 630
1328 1587
1328 897
1328 1070
1328 358
1328 572
1328 245
1328 1158
1328 453
1328 410
882 449
882 1159
882 1377
1987 31
1037 80
1037 1444
1037 1195
1037 1306
1037 1377
1037 1159
1037 1981
917 1159
453 2027
137 1159
1839 1120
1839 1576
1839 203
1839 1510
1839 1874
1839 1830
1839 465
1839 1878
1839 999
1839 453
1839 1987
1839 1586
1839 1258
1839 539
1839 1669
1839 1792
1839 1963
1839 419
1839 412
1839 1052
1839 1768
1839 479
882 1594
882 1906
882 1306
882 1159
882 1377
882 449
882 1159
882 1377
137 1159
817 1151
817 217
817 841
817 1998
137 1159
1339 453
737 737
498 1159
498 1159
1159 1881
1881 453
882 449
882 1159
882 1377
1987 1874
411 1144
1522 1144
1874 1258
1380 1144
1380 737
1380 1144
1369 217
1369 511
1369 999
252 1
1258 1874
1998 1899
999 217
1874 104
1874 1440
1874 1974
1874 1258
1932 1874
34 1992
34 1144
34 403
1963 1899
1269 1587
1269 1874
1269 536
1269 999
1998 1144
511 1874
999 585
1380 1144
1874 511
1580 1144
1580 25
1874 1278
1874 411
1974 1998
1839 1874
1839 690
1874 203
549 1874
1454 1874
217 1899
217 1963
1626 1626
585 1874
1580 1144
1580 1380
585 1144
1625 1625
1258 1586
1974 1440
1974 104
1974 1874
1974 1258
1998 1874
1998 1258
1998 999
898 1490
79 1706
1737 115
1992 1144
1992 1380
158 1768
158 1706
350 1874
1258 1323
1869 1874
740 1706
1374 1706
1839 1510
1839 1120
1839 558
1839 165
1839 1767
1839 155
1839 1987
1839 2006
1839 120
1839 999
1839 1486
1839 465
1839 1081
1839 1586
1839 1792
1839 1663
1839 556
1839 1669
1839 109
1839 1629
1839 419
1839 177
1839 1619
1839 1751
1839 1816
1839 690
1839 574
1839 1430
1839 1878
1839 1241
1839 1845
1839 1976
1839 827
1839 1576
1839 278
1839 479
1625 1625
585 999
999 1144
379 1874
511 1144
346 1706
939 1144
939 1380
1278 1899
974 1706
1874 411
1894 1144
1706 1258
1706 1998
1706 999
1894 1144
1278 1874
1278 1258
1278 1963
1278 999
794 1874
1133 1874
1874 585
1874 1874
1894 1144
1974 21
1258 1323
737 1144
217 1278
217 1899
203 1874
90 511
90 1369
1737 115
1844 1144
1844 403
1998 1144
1998 1580
511 898
1580 45
737 1144
737 1144
737 628
737 553
1586 1258
1875 1706
838 1874
1580 1580
999 1144
1894 1899
1894 411
25 1144
25 1580
1706 1454
34 1144
1874 1874
1874 1662
1894 1899
1894 411
1998 1144
732 1874
1453 1144
1323 1258
1737 115
1874 1874
1874 1818
25 1144
25 1580
817 31
1874 898
1874 511
511 898
511 301
511 511
217 511
217 1874
217 1899
217 1998
1992 1144
1992 403
511 217
511 999
217 585
217 1874
217 999
1737 115
939 1144
1258 1874
1258 615
411 1874
1839 899
1737 115
999 1874
999 411
341 1706
1728 1706
25 1899
25 1998
1998 1144
341 1706
1751 1486
1751 1874
1751 718
898 1490
511 21
1874 1133
1987 1874
1380 1144
1269 1587
1269 1874
1269 536
1269 999
1894 92
1894 1144
1258 615
615 1258
403 1144
1992 1144
1992 1239
1751 1258
1580 1144
1580 1380
1874 1874
1874 1180
1440 999
1782 92
1782 1144
1782 1894
217 1144
999 1144
1974 1144
1625 1625
1374 1706
12 999
12 1792
217 1974
217 1998
1625 1625
1522 1258
1522 1874
1522 1963
1522 1998
1522 999
1622 1706
1999 1
252 1
1874 350
718 1
1522 1144
1278 1144
1874 1440
1269 1587
1269 1874
1269 536
1269 999
1874 1751
411 1899
1974 411
1874 1440
1586 999
1258 1874
341 1706
1874 670
1874 1874
1874 1818
1737 115
1580 1144
1580 25
1392 1392
898 1490
1839 1287
999 21
999 1899
511 1440
511 999
1194 1144
411 1874
1874 1430
1874 1974
1874 350
1874 1768
1874 732
1874 1987
25 1144
25 1580
1481 1874
511 898
1874 1768
1874 732
1874 1987
1706 284
1974 1440
339 1144
1894 1144
999 1303
999 1963
999 1874
999 1258
999 690
403 1144
34 1144
1878 1874
1369 1998
1369 999
1369 1278
1369 1874
1369 1974
1369 585
1369 511
1369 1258
1369 411
1874 585
1874 999
1737 115
1874 217
1874 511
1874 1899
1874 1998
34 1144
1258 1874
1998 45
1998 1580
1768 1874
620 1768
620 1258
999 217
999 585
999 1874
1839 1287
25 1144
1998 1144
1998 1580
1258 1874
1258 999
999 511
1874 732
863 1706
863 999
1380 1144
1380 34
1580 1144
1580 1998
1181 1706
1874 1587
1874 1269
1874 536
1874 999
737 1144
737 628
737 553
45 1144
1874 153
1874 1768
1706 1290
1198 1144
1625 1625
852 1874
1369 999
1369 1522
1369 1874
1369 1963
1369 1258
1369 1998
1628 1
1874 1258
1874 1963
1874 1998
1874 999
1768 1874
1809 1706
1874 794
1875 1706
346 1706
1998 1899
1998 25
1430 104
1430 1874
1430 1258
1430 411
1580 1144
1580 1998
585 1522
585 1899
999 1751
999 1278
999 1874
999 1963
999 1586
999 1258
511 21
999 1874
1987 329
1987 1874
1987 465
1987 412
1987 852
1987 1792
1987 817
25 1144
1258 1751
498 1706
1874 549
511 217
511 1899
852 1258
852 1874
852 1963
852 1998
852 999
1874 350
1874 1768
1586 1874
1839 1510
1839 1120
1839 558
1839 165
1839 1767
1839 585
1839 155
1839 1987
1839 2006
1839 120
1839 999
1839 1486
1839 465
1839 1081
1839 1586
1839 1792
1839 1663
1839 556
1839 1669
1839 109
1839 1629
1839 419
1839 177
1839 1619
1839 1751
1839 1816
1839 690
1839 574
1839 1430
1839 1878
1839 1241
1839 1845
1839 1976
1839 827
1839 1576
1839 278
1839 479
1751 1258
1580 1144
1580 1998
45 1144
585 217
585 1874
585 999
1578 1144
1578 1380
1580 1144
1580 25
1580 1144
1580 1998
1291 45
1291 1144
999 1278
999 1874
999 1258
999 1963
1258 1323
737 1144
999 1522
999 511
999 1998
25 585
498 1706
1874 1751
898 1490
852 1144
1380 1144
1628 1
1894 1144
954 1706
1874 1587
1874 1269
1874 536
1874 999
1634 1107
1706 1715
1874 1768
1874 1987
622 622
1522 585
1522 1899
898 1490
1522 1258
1522 1874
1522 1963
1522 1998
1522 999
34 1998
1380 1453
1046 1046
1258 1874
1586 999
1440 1874
1440 1258
1440 999
24 31
585 1874
498 1706
203 1258
1974 1440
1380 1144
1706 585
1580 1144
1580 25
1580 1144
1580 1998
403 1144
403 34
1454 1874
1839 1510
1839 465
1839 1576
1839 1369
1839 1120
1839 1874
1839 165
1839 1323
1839 1767
1839 585
1839 1878
1839 1135
1839 999
1839 1987
1839 12
1839 1586
1839 1258
1839 1792
1839 511
1839 1669
1839 980
1839 2001
1839 1963
1839 1629
1839 419
1839 155
1839 1619
1839 243
1839 1751
1839 690
1839 904
1839 120
1839 457
1839 574
1839 827
1839 2006
1839 278
1839 1440
1839 479
1 1874
1706 284
1932 1874
1874 1899
1874 1998
1369 1369
511 1899
45 1144
1380 1144
34 1144
1258 350
34 1144
1380 1144
25 1144
1258 153
1998 1874
1998 1258
1998 1963
1998 999
1874 1481
1258 350
585 434
585 1576
585 1369
585 1120
585 1323
585 165
585 904
585 1767
585 155
585 1878
585 999
585 1019
585 1987
585 12
585 1586
585 1258
585 1792
585 511
585 556
585 1669
585 1874
585 120
585 1963
585 1629
585 457
585 558
585 1619
585 1751
585 574
585 1430
585 1241
585 1402
585 827
585 2006
585 278
585 1440
585 1839
585 479
350 1258
1628 1
1751 1323
596 596
1625 1625
1844 1144
1844 1894
1380 1144
1874 379
1998 1144
1874 1587
1874 1874
1258 153
1586 1874
1586 1258
1586 999
1957 1874
904 1144
1440 1613
1440 1874
1580 1144
1580 1998
1625 1625
1768 153
1625 1625
1987 1874
1998 1144
34 1144
862 1
34 1144
1874 1258
1874 1440
1844 1144
1844 403
1258 203
999 1874
999 1586
999 1258
999 1839
1278 1144
1874 1258
1874 1963
1874 1998
1874 999
350 1258
350 1706
350 1751
1874 521
1380 1144
1580 1144
1580 25
252 1
1269 536
1440 1974
1440 1874
1440 1258
1440 999
1874 1587
1874 1269
1874 536
1874 999
1258 1874
1258 615
511 1874
1380 1144
1998 1144
1874 411
1874 1839
1874 1586
1874 1258
1874 999
1440 1874
1440 511
1440 1258
999 1440
999 2011
999 1874
999 1974
679 1706
1239 1144
1782 1144
1782 1239
1374 1706
1625 1625
1670 1874
346 1706
1737 115
1380 1144
1380 1453
1998 1874
1998 1258
1998 999
1149 1874
1580 1144
1580 1998
511 1874
1992 1144
1992 1440
1768 732
1998 1899
999 1587
999 1269
999 1874
999 536
1440 1874
1440 1258
1440 999
1369 90
1369 511
898 1490
1625 1625
1874 1869
1258 350
1874 511
1430 1974
585 217
999 1587
999 1269
999 1874
999 536
1580 1144
1580 34
1613 1440
620 1258
1586 999
1380 1453
1342 1706
737 1144
1809 1706
1258 1874
1874 1768
1874 732
999 1144
1258 1874
1258 511
1258 999
1440 1874
1440 1258
1440 999
403 1144
1706 1290
1870 1870
1580 1144
1580 1380
1998 21
1258 1323
1737 115
1380 1144
1440 852
1706 1245
203 1874
34 1144
1440 1874
1440 1258
1440 999
1580 1144
1580 1380
411 1974
521 1874
1578 1144
1578 1380
467 1706
1974 1144
1894 1144
1440 1992
1626 1626
615 1258
615 1706
1894 1144
203 1258
1874 1258
1874 999
32 1706
1380 1144
898 1490
1974 1144
852 21
852 1899
852 411
852 999
411 21
411 1899
411 999
585 1144
164 1706
689 1706
1874 1144
1290 1874
1580 1144
1580 1998
1586 999
1278 1874
1278 1258
1278 1963
1278 999
1258 1874
1998 1144
1998 1580
1874 1715
1998 217
1998 1974
1998 1899
1998 1258
1987 1874
1369 217
1369 1899
1369 1963
1874 1751
12 999
1874 1586
350 1258
350 1706
1998 1144
999 1586
1809 1706
217 1899
217 1998
1874 585
1782 92
1782 1144
1782 1894
585 1998
1291 1291
1998 1874
1998 1258
1998 999
1998 1899
802 1874
1021 1021
1874 732
1625 1625
1751 1323
1998 1522
1998 511
1992 1440
1628 1
411 1144
1715 1874
1768 1987
1874 999
585 1899
690 1303
690 1874
690 1258
690 1963
690 999
620 1258
726 1706
1239 1144
649 649
1894 1144
350 1768
350 1874
45 1144
1380 1144
25 1144
25 1580
1258 1144
1987 31
350 1768
350 1874
411 1899
1998 1144
1440 1974
999 1586
1768 1258
1706 375
1706 15
1706 1258
1706 732
1894 511
1290 1874
1974 1430
1974 1874
1974 1258
1974 411
1974 999
1625 1625
1839 1120
1839 1576
1839 203
1839 1510
1839 1874
1839 1830
1839 465
1839 1878
1839 999
1839 453
1839 1987
1839 1586
1839 1258
1839 539
1839 1669
1839 1792
1839 1963
1839 419
1839 412
1839 1052
1839 1768
1839 479
411 1874
411 1258
411 999
1278 1144
609 1706
1380 1144
999 1874
999 1258
341 1706
1998 1144
1998 1580
723 1144
1874 350
1874 1768
1894 1144
511 1522
1974 1430
1974 1874
1974 1258
1974 411
1974 999
732 1768
1440 21
1199 227
1258 1874
1258 1586
341 1706
511 1874
511 1258
511 999
549 1874
301 1874
732 1874
1844 1144
1844 403
1258 350
511 898
1198 272
1626 1626
511 217
511 1899
511 1998
1369 1120
1369 465
1369 14
1369 1576
1369 203
1369 641
1369 410
1369 794
1369 1874
1369 272
1369 165
1369 1323
1369 585
1369 852
1369 47
1369 120
1369 999
1369 453
1369 1019
1369 1987
1369 1894
1369 1586
1369 1258
1369 1792
1369 1587
1369 1430
1369 1670
1369 980
1369 306
1369 690
1369 1743
1369 329
1369 1963
1369 419
1369 558
1369 412
1369 1501
1369 817
1369 266
1369 1434
1369 217
1369 1467
1369 25
1369 457
1369 1522
1369 890
1369 1241
1369 24
1369 1976
1369 511
1369 1440
1369 1179
1369 1839
511 21
852 1258
852 1874
852 1963
852 1998
852 999
341 1706
1998 1144
1998 1580
1258 1839
1580 1144
1580 1998
511 21
1628 1
45 585
45 25
1751 1258
1751 1874
1751 999
25 1144
25 1580
1998 1144
1974 1998
999 863
403 1144
1269 1587
1269 1874
1269 536
1269 999
1751 1874
1874 1874
1874 1818
1792 12
1792 999
1782 1144
1782 34
1706 1245
25 1144
1989 1706
34 1144
1998 1144
1998 1580
217 511
217 1899
1974 1874
1974 104
1974 1440
1974 1258
203 1874
585 1874
1323 90
1323 1669
1323 1510
1323 1874
1323 465
1323 1792
1323 316
882 1906
882 1306
882 1377
882 1594
882 1159
882 246
793 1889
793 1889
2027 895
793 1889
793 1889
498 246
793 1889
793 1889
702 56
793 1889
793 1889
793 1889
793 1889
793 1889
895 2027
793 1889
793 1889
793 1889
793 1889
793 1889
793 1889
1500 702
793 1889
1500 453
793 1889
1669 56
90 90
793 1889
793 1889
793 1889
793 1889
793 1889
1774 895
793 1889
793 1889
1500 1768
793 1889
793 1889
793 1889
793 1889
793 1889
793 1889
793 1889
793 1889
793 1889
793 1889
793 1889
793 1889
453 895
498 246
2027 895
793 1889
1258 1258
793 1889
793 1889
1500 1768
1669 56
793 1889
1625 1625
793 1889
793 1889
1768 895
793 1889
1339 246
882 1377
882 1952
882 1306
882 1159
882 246
793 1889
793 1889
793 1889
1500 453
702 56
90 90
498 246
993 155
993 869
341 547
1839 1510
1839 1120
1839 558
1839 165
1839 1767
1839 585
1839 155
1839 1987
1839 2006
1839 120
1839 999
1839 1486
1839 465
1839 1081
1839 1586
1839 1792
1839 1663
1839 556
1839 1669
1839 109
1839 1629
1839 419
1839 177
1839 1619
1839 1751
1839 1816
1839 690
1839 574
1839 1430
1839 1878
1839 1241
1839 1845
1839 1976
1839 827
1839 1576
1839 278
1839 479
1625 1625
498 547
1625 1625
341 547
702 56
1625 1625
460 278
1369 1369
702 56
245 278
511 511
1339 547
498 547
1625 1625
1625 1625
278 245
1625 1625
1601 329
245 278
1164 278
1625 1625
1625 1625
329 1601
1348 547
1839 1510
1839 1120
1839 558
1839 165
1839 1767
1839 155
1839 1987
1839 2006
1839 120
1839 999
1839 1486
1839 465
1839 1081
1839 1586
1839 1792
1839 1663
1839 556
1839 1669
1839 109
1839 1629
1839 419
1839 177
1839 1619
1839 1751
1839 1816
1839 690
1839 574
1839 1430
1839 1878
1839 1241
1839 1845
1839 1976
1839 827
1839 1576
1839 278
1839 479
1625 1625
498 547
278 245
1669 56
1629 278
737 737
1300 547
1601 329
1625 1625
1164 278
737 737
245 278
278 245
1625 1625
1839 1510
1839 465
1839 1576
1839 1369
1839 1120
1839 1874
1839 165
1839 1323
1839 1767
1839 585
1839 1878
1839 1135
1839 999
1839 1987
1839 12
1839 1586
1839 1258
1839 1792
1839 511
1839 1669
1839 980
1839 2001
1839 1963
1839 1629
1839 419
1839 155
1839 1619
1839 243
1839 1751
1839 690
1839 904
1839 120
1839 457
1839 574
1839 827
1839 2006
1839 278
1839 1440
1839 479
585 434
585 1576
585 1369
585 1120
585 1323
585 165
585 904
585 1767
585 155
585 1878
585 999
585 1019
585 1987
585 12
585 1586
585 1258
585 1792
585 511
585 556
585 1669
585 1874
585 120
585 1963
585 1629
585 457
585 558
585 1619
585 1751
585 574
585 1430
585 1241
585 1402
585 827
585 2006
585 278
585 1440
585 1839
585 479
1164 278
1625 1625
1669 56
1287 121
1287 1277
1287 1919
1287 423
1287 453
1287 1669
1287 2027
1287 1619
1287 278
1287 869
1669 1287
1839 1287
1886 1377
1595 1377
1839 869
702 56
1839 1287
1669 2027
1641 1377
1669 1813
869 1669
1641 1377
1277 1669
1277 1277
702 56
479 1430
479 1731
479 690
479 556
479 585
479 1670
479 558
479 599
479 272
479 1523
479 210
479 511
479 465
479 1241
479 90
479 1510
479 1987
479 165
479 1878
479 713
479 266
1839 869
1839 869
1669 1287
1839 1669
1813 1669
1876 1669
1839 1510
1839 1120
1839 558
1839 165
1839 1767
1839 585
1839 155
1839 1987
1839 2006
1839 120
1839 999
1839 1486
1839 465
1839 1081
1839 1586
1839 1792
1839 1663
1839 556
1839 1669
1839 109
1839 1629
1839 419
1839 177
1839 1619
1839 1751
1839 1816
1839 690
1839 574
1839 1430
1839 1878
1839 1241
1839 1845
1839 1976
1839 827
1839 1576
1839 278
1839 479
730 1669
869 1669
869 1839
1369 1369
1641 1377
1669 155
1287 1669
1669 2027
1881 1669
1393 1669
1669 869
1669 1906
1839 1510
1839 1120
1839 558
1839 165
1839 1767
1839 155
1839 1987
1839 2006
1839 120
1839 999
1839 1486
1839 465
1839 1081
1839 1586
1839 1792
1839 1663
1839 556
1839 1669
1839 109
1839 1629
1839 419
1839 177
1839 1619
1839 1751
1839 1816
1839 690
1839 574
1839 1430
1839 1878
1839 1241
1839 1845
1839 1976
1839 827
1839 1576
1839 278
1839 479
730 1669
730 1669
1287 1669
730 1669
1669 1876
155 1669
1747 1669
1669 1277
1669 1839
1669 1747
1669 453
1669 1839
1669 730
2027 1669
1669 869
511 511
1906 1114
1393 1287
1669 730
1669 1287
1669 1906
1287 1669
1222 1377
1287 1669
1287 1876
1669 1323
1669 1576
1669 1839
737 737
1839 1669
730 1669
1277 2027
730 1669
1323 90
1323 1669
1323 1510
1323 1874
1323 465
1323 1792
1323 316
1619 1669
1839 1669
1839 1586
127 1669
1669 1393
1669 56
389 1377
1669 1747
1839 1120
1839 1576
1839 203
1839 1510
1839 1874
1839 1830
1839 465
1839 1878
1839 999
1839 453
1839 1987
1839 1586
1839 1258
1839 539
1839 1669
1839 1792
1839 1963
1839 419
1839 412
1839 1052
1839 1768
1839 479
1576 1669
1576 1839
1287 121
1287 1277
1287 1919
1287 423
1287 453
1287 1669
1287 2027
1287 1619
1287 278
1287 869
630 1669
630 713
1669 56
1669 1287
1669 713
1669 1287
585 434
585 1576
585 1369
585 1120
585 1323
585 165
585 904
585 1767
585 155
585 1878
585 999
585 1019
585 1987
585 12
585 1586
585 1258
585 1792
585 511
585 556
585 1669
585 1874
585 120
585 1963
585 1629
585 457
585 558
585 1619
585 1751
585 574
585 1430
585 1241
585 1402
585 827
585 2006
585 278
585 1440
585 1839
585 479
713 205
713 195
713 453
1669 730
1669 1813
1839 1510
1839 465
1839 1576
1839 1369
1839 1120
1839 1874
1839 165
1839 1323
1839 1767
1839 585
1839 1878
1839 1135
1839 999
1839 1987
1839 12
1839 1586
1839 1258
1839 1792
1839 511
1839 1669
1839 980
1839 2001
1839 1963
1839 1629
1839 419
1839 155
1839 1619
1839 243
1839 1751
1839 690
1839 904
1839 120
1839 457
1839 574
1839 827
1839 2006
1839 278
1839 1440
1839 479
1669 1586
1669 1839
1669 1629
1669 869
713 630
737 737
1669 1394
1641 1377
2027 1669
1669 1619
1287 1669
1669 730
1619 1287
1287 1876
1619 1287
1830 691
1287 1669
1287 1876
895 453
1287 1876
895 702
1393 1287
1287 1876
2027 1287
1287 1435
702 56
895 2027
2006 1876
1876 1287
1287 702
1669 713
1669 1287
1876 1669
1669 56
1287 121
1287 1277
1287 1919
1287 423
1287 453
1287 1669
1287 2027
1287 1619
1287 278
1287 869
1287 1393
1369 1369
1287 1435
1287 1876
1287 1876
2027 895
1669 1287
1287 1876
1287 1619
1 1287
1876 1287
1 1287
1287 1876
1839 1287
702 56
1669 56
1876 1287
1669 1393
1839 1287
1669 1287
957 1952
1287 1876
1328 713
1328 453
1393 1669
1287 1669
1287 1669
1669 1287
882 1377
882 1952
882 1306
882 1159
882 246
1876 1287
453 895
1287 453
1277 1287
1339 1952
895 453
498 1952
1435 1287
1287 1669
1287 1435
1287 1393
1287 1669
498 1952
1393 1287
691 1830
1669 1287
511 511
498 1952
1435 1287
453 1287
713 1287
