1339 453
453 869
453 869
1159 1852
223 1159
713 205
713 195
713 453
1287 453
1550 1768
1550 476
1550 329
1550 203
1550 1987
453 1880
1037 1952
1037 245
1037 998
1037 728
1037 80
1037 1550
1037 1058
1037 246
1037 991
1037 1159
1037 1393
1037 430
1037 1159
1037 1377
453 1669
359 453
702 453
1625 1625
1682 453
476 1768
476 1987
476 329
476 203
476 1550
453 179
498 1159
228 1159
1625 1625
1192 1120
1192 453
938 453
1159 278
1625 1625
1323 1841
1957 453
5 1159
179 453
1669 453
453 329
737 737
1625 1625
1669 56
1339 453
1258 1258
1328 1587
1328 897
1328 1070
1328 358
1328 572
1328 245
1328 1158
1328 453
1328 410
1998 1151
1998 217
1998 1942
223 1159
1159 991
1159 1956
329 453
179 453
1669 56
223 1159
1159 1675
1037 80
1037 1444
1037 1195
1037 1306
1037 1377
1037 1159
1037 1981
1625 1625
1440 1625
1287 453
691 56
691 691
245 1058
245 410
245 453
245 329
245 1906
245 1587
245 1987
245 1768
805 1159
511 511
1813 453
882 1377
882 1952
882 1306
882 1159
882 246
1277 453
1037 430
1037 1159
1037 1377
1037 430
1037 1159
1037 1377
453 1287
1625 1625
1159 1277
43 566
129 1159
869 453
895 453
895 1287
359 453
1120 203
1120 453
1120 465
1120 1770
1120 1586
1120 1792
412 1465
179 453
1768 453
1768 329
1669 453
453 1669
1037 1195
1037 1444
1037 80
1037 1159
1037 1377
713 453
453 179
1942 1151
1942 217
1942 1998
453 56
659 798
841 1151
841 999
841 1151
841 999
498 1159
1159 938
263 1159
1625 1625
223 1159
1625 1625
1159 278
1037 80
1037 1444
1037 1195
1037 1306
1037 1377
1037 1159
1037 1981
1874 31
1669 453
1328 713
1328 453
869 453
1669 453
869 453
1095 1159
453 869
1037 80
1037 1444
1037 1195
1037 1306
1037 1377
1037 1159
1037 1981
353 453
713 453
155 1669
1159 359
1768 2027
2027 1768
329 1550
882 1594
882 1906
882 1306
882 1159
882 1377
453 1267
465 2027
217 1151
217 1942
691 453
1669 56
702 453
1625 1625
453 1184
1669 56
453 869
1894 1151
1894 841
1894 999
1159 1287
453 713
991 453
1768 453
1159 1748
999 841
999 1151
999 217
999 1942
1998 1151
1998 217
1998 841
1998 999
713 1479
713 819
713 1780
713 142
713 1906
713 279
713 892
713 293
1159 869
1669 453
1669 713
943 1151
943 217
943 841
943 1998
943 999
1159 200
1267 453
1625 1625
453 1669
764 1159
702 476
702 203
702 1550
702 329
702 1987
702 1768
764 1159
217 1151
217 841
217 999
902 453
841 1151
841 999
1277 1710
1669 453
702 1768
869 453
1669 453
453 1669
444 1159
1267 453
882 1594
882 1906
882 1306
882 1159
882 1377
882 1906
882 1306
882 1377
882 1594
882 1159
882 246
1037 1981
1037 1594
1037 1159
1037 1377
938 453
1906 993
1159 1480
453 1768
1675 453
1839 1510
1839 1576
1839 203
1839 1874
1839 704
1839 1830
1839 1878
1839 999
1839 465
1839 1987
1839 1586
1839 1258
1839 539
1839 1410
1839 1962
1839 1323
1839 1792
1839 1963
1839 105
1839 412
1839 1052
1839 1833
1839 511
1839 1440
1839 479
217 1151
217 841
217 999
511 511
1287 453
1675 453
1625 1625
1894 1151
1894 841
1894 999
200 902
1216 1159
1308 1159
1684 1159
453 1813
882 1981
882 1377
882 1306
882 1159
882 2023
1159 1819
363 1159
1287 453
869 453
1287 1669
1104 1159
263 1159
181 453
869 453
869 993
1839 1510
1839 1576
1839 203
1839 1874
1839 704
1839 1830
1839 1878
1839 999
1839 465
1839 1987
1839 1586
1839 1258
1839 539
1839 1410
1839 1323
1839 1792
1839 1963
1839 105
1839 412
1839 1052
1839 1833
1839 511
1839 1440
1839 479
137 1159
453 938
223 1159
993 869
993 453
882 449
882 1159
882 1377
1159 329
1159 1768
1192 1120
1192 453
1258 1258
630 453
1159 1267
1625 1625
453 1813
1159 1287
1220 1220
841 1151
841 999
1669 453
713 453
2027 1768
217 1151
217 841
217 999
583 453
1876 453
993 1906
1216 1159
453 849
2027 1768
453 359
882 1906
882 1306
882 1377
882 1594
882 1159
882 246
1669 453
498 1159
453 1669
1813 453
223 1159
87 1159
1813 453
1813 1669
453 2027
1159 691
1768 2027
279 453
1441 1159
223 1159
943 1151
943 217
943 841
943 999
453 1277
453 583
453 869
137 1159
453 1287
1246 1159
278 453
137 1159
943 1151
943 217
943 841
943 999
329 453
1758 1159
585 1465
1037 430
1037 1159
1037 1377
993 869
993 453
1942 1151
999 1151
999 217
999 841
1384 1159
353 453
1852 453
849 453
1184 453
412 1465
1037 430
1037 1159
1037 1377
453 1876
999 1894
1710 453
1159 1675
998 453
1441 1159
301 301
1274 509
1274 1667
1274 516
1274 2025
1274 734
1274 1103
1274 1445
1274 958
1274 1069
1274 1155
1274 1993
1274 783
1274 1405
1274 191
1274 488
1274 44
1274 1803
1274 891
1274 388
1274 348
1274 91
1216 1159
1277 453
1942 1151
1942 217
882 449
882 1159
882 1377
453 179
2027 1768
1906 993
1906 1594
1906 1306
1906 1159
1906 1377
943 1151
943 217
943 1942
943 1998
869 453
1441 1159
329 453
453 1287
453 895
453 1669
301 301
87 1159
137 1159
1159 1675
1942 1151
1758 1159
1275 1159
1385 453
1675 453
1120 203
1120 453
1120 465
1120 1770
1120 1586
1120 1792
1328 1587
1328 897
1328 1070
1328 358
1328 572
1328 245
1328 1158
1328 453
1328 410
1287 453
1037 430
1037 1159
1037 1377
453 1287
453 895
453 329
1120 203
1120 453
1120 465
1120 1770
1120 1586
1120 1792
917 1159
453 869
1246 1159
1037 430
1037 1159
1037 1377
1618 1159
278 453
1037 430
1037 1159
1037 1377
691 56
737 737
1625 1625
278 453
223 1159
453 938
841 1151
841 999
1880 453
1880 713
1880 1669
1625 1625
217 1151
217 1942
1157 1159
1159 1748
1220 1220
228 1159
1800 1159
1618 1159
1258 453
583 453
1267 453
453 179
869 453
359 453
1328 713
1328 453
223 1159
453 583
841 1151
841 1894
841 999
1246 1159
329 1550
869 453
702 1768
869 453
1669 453
1669 453
329 1768
1768 702
1625 1625
1037 430
1037 1159
1037 1377
1277 453
137 1159
1120 203
1120 453
1120 465
1120 1770
1120 1586
1120 1792
137 1159
1874 1874
938 453
453 1669
1550 1768
1550 329
1550 1987
943 1151
943 217
943 1942
943 999
5 1159
453 56
1441 1159
1 453
1369 1369
1159 869
841 943
1800 1159
1550 476
1550 203
1550 702
1550 329
1550 1987
1550 1768
453 179
1159 279
852 34
1516 1874
412 1465
1963 1833
1963 1874
1963 1586
1963 1258
1963 999
863 1874
350 1874
1269 536
211 211
511 1144
1628 1
350 539
585 852
903 1144
1440 1874
1440 852
1278 1258
1874 1625
1874 1258
1874 1369
511 898
1963 1899
829 1874
1440 1874
1809 1706
999 1144
1874 585
1874 999
1576 1874
1576 1751
1625 1625
1874 615
585 511
1586 1963
999 1144
585 1144
903 1144
903 1198
513 1874
403 1144
1874 350
1874 84
1874 1768
1874 1258
1874 412
659 798
511 1144
1874 1874
1874 28
1874 1794
1874 1874
1198 217
1198 1144
1291 1144
1291 723
1874 658
1522 1874
1522 1899
84 829
84 1874
84 1563
156 1874
903 1144
903 1198
539 1874
1874 229
1278 1144
904 1144
1278 1144
549 1874
1269 1587
1269 1874
1269 1673
1269 536
1269 999
511 1144
539 918
539 350
1874 55
1874 350
1522 1874
1522 1899
34 217
34 1854
34 1258
34 852
1522 1899
1522 999
1833 1874
1833 1258
1833 999
1628 1
898 1490
1706 1587
1706 1998
1706 1258
1706 852
1706 999
1258 1586
1258 1179
1258 1874
341 1706
1874 1833
1874 1258
1874 999
1874 229
999 585
511 511
1974 1144
1258 1833
1258 1874
1258 999
999 1144
999 723
1198 1144
1894 1144
903 1144
903 1198
412 1874
511 217
511 1899
511 999
1839 1510
1839 1576
1839 203
1839 1874
1839 704
1839 1830
1839 1878
1839 999
1839 465
1839 1987
1839 1586
1839 1258
1839 539
1839 1410
1839 1323
1839 1792
1839 1963
1839 105
1839 412
1839 1052
1839 1833
1839 511
1839 1440
1839 479
1998 1440
1998 511
1369 1369
999 47
999 1874
999 1974
999 1258
1278 21
1278 511
585 1144
585 585
1963 217
1963 1323
511 963
511 71
511 1712
511 1874
1291 1291
1874 1269
1874 536
1874 999
1768 852
350 1874
1440 1278
1963 1751
1963 999
1963 1874
1963 1586
1963 1258
1963 690
1833 1440
723 1144
1625 1625
1874 1361
1874 1874
599 599
203 1874
1440 1833
1440 1874
1440 1258
1440 999
1874 711
1874 457
1874 999
1974 1144
1440 1874
1183 1706
1522 1899
1278 1144
1278 21
1751 1586
1369 1144
93 1874
1576 1586
217 585
217 1899
1278 1144
1963 1899
1874 350
1874 1319
217 1457
217 1854
217 1258
217 852
34 1144
34 1194
1578 1278
1578 1144
585 1144
1269 1587
1269 1874
1269 1673
1269 536
1269 999
1625 1833
1625 1440
1625 1751
1625 1874
1625 1258
272 1144
229 227
229 1258
656 1144
1522 14
1522 536
1522 1269
1522 1673
1522 999
1269 999
1258 1874
585 999
84 1874
1934 1874
1291 1144
1291 1198
1278 1144
1278 1291
1278 852
1258 1522
1258 1899
1258 1963
1974 21
1974 999
301 301
723 1144
723 217
723 1198
1625 1625
1874 229
457 1587
457 1874
723 1144
863 1874
863 1253
863 1963
1440 1874
1258 585
1278 1144
1874 1309
1874 511
1874 1974
1198 1144
903 1501
903 999
1874 1776
1258 1874
1963 1874
1963 1258
1963 1998
1963 999
1874 350
1874 84
1874 1768
1874 1258
1874 412
1874 1258
1874 1998
1874 511
1874 1369
723 1144
1874 511
1874 1369
1839 1874
1839 1586
1839 1258
1839 1833
1580 1278
1580 1144
1874 350
1874 84
1874 1768
1874 1258
1874 412
1586 1258
853 690
1874 350
1625 1625
615 1874
1278 1144
1874 84
341 1706
412 1465
1374 1706
465 1874
585 1465
34 1144
1278 1144
1269 1269
1269 536
1453 1144
1874 1087
1974 1144
1497 1874
1278 1144
585 1874
1963 1586
1963 1833
1963 1874
1963 1258
1963 999
1874 303
1323 217
1323 1899
1323 1963
1522 1144
1874 229
1874 1258
852 47
852 1874
852 1258
852 999
1522 1269
1522 1874
1522 536
1522 999
585 1874
350 1768
350 84
350 1874
350 1258
350 1563
272 272
511 1144
999 1899
511 963
1932 1874
1874 350
1874 84
1874 1768
1874 1258
1874 412
1874 350
1874 84
1874 1768
1874 1258
1874 412
539 829
539 1874
1 1892
1 1874
1440 1833
1833 350
999 217
999 1899
1833 1440
511 21
1874 350
1874 1587
1878 999
1878 1874
1878 1974
1878 1587
1878 852
1878 1674
511 1874
511 1369
1974 1144
603 1874
1776 1874
1258 21
350 1833
1874 350
999 1144
34 1144
1974 1144
1974 1974
1522 45
1522 1580
1833 1440
852 1768
852 1874
1874 1874
1874 1285
1198 1144
690 853
1759 1874
1759 1258
341 1706
1278 1144
999 217
999 1144
346 1706
341 1706
376 1874
999 1963
999 1874
999 1258
999 1998
84 829
84 1563
1258 453
1874 1874
1874 28
341 1706
585 1144
90 511
90 1369
1625 1625
1998 1144
1269 1587
1269 1874
1269 1673
1269 536
1269 999
1874 156
1874 1258
1874 999
412 1874
511 585
999 1874
999 1258
1625 1625
1586 1751
999 1501
585 1144
1932 1874
1874 1420
656 656
1874 841
272 1144
1874 1440
1874 852
1874 1278
1874 1440
1874 411
511 898
737 1144
1874 55
1974 903
1974 1144
1974 1198
217 1522
217 1899
217 999
1278 1144
350 1874
1269 536
1833 1440
1440 903
1874 1874
1874 366
1874 615
1874 1258
1440 708
1874 963
1874 71
1874 1712
1580 1522
1578 1144
1578 1198
1874 1751
1874 999
1874 1963
1874 1586
1874 1258
1874 690
1874 1144
1874 1974
1291 1144
1291 1198
1874 1587
1194 1453
1194 1144
511 1278
615 795
615 1874
999 1440
999 1874
999 411
511 1144
1562 1874
999 21
411 1440
411 1874
350 539
723 1144
999 1874
999 1974
999 1587
999 1950
999 1878
999 852
511 1144
511 585
1870 1870
1522 1899
411 511
1258 1144
1198 1144
1874 187
1874 1874
1673 1587
1673 1269
1673 1874
1673 536
1673 999
1258 1144
1258 1874
1576 1323
1576 999
1576 1963
1576 1080
1576 1833
1576 1586
1 1716
1 1874
1874 1768
84 350
84 1768
84 1563
84 1874
84 1258
838 1874
737 1144
1258 1899
1188 1874
585 1144
585 511
1894 1144
904 1144
907 1706
1291 45
1291 1144
511 511
217 1899
217 1963
1874 350
1809 1706
1198 1144
737 1144
737 628
737 553
1874 329
1874 153
1874 1768
585 34
585 852
1839 1510
1839 1576
1839 203
1839 1874
1839 704
1839 1830
1839 1878
1839 999
1839 465
1839 1987
1839 1586
1839 1258
1839 539
1839 1410
1839 1962
1839 1323
1839 1792
1839 1963
1839 105
1839 412
1839 1052
1839 1833
1839 511
1839 1440
1839 479
1625 1625
229 1874
457 711
457 999
1998 217
1998 1144
1269 536
1974 21
723 1144
1369 1144
1369 511
1974 1899
903 1144
903 1198
1278 1144
217 585
217 1899
1894 1144
737 1144
1874 414
1874 1874
1586 1833
1586 1874
1586 1839
1586 1258
1974 1522
1974 1899
1974 999
1974 1309
1974 511
1874 14
1874 1962
1874 999
1874 1506
1874 1878
1874 852
511 1522
511 1874
511 1899
898 1490
1874 1833
1874 104
1874 1440
1874 1258
511 1309
511 1874
511 1258
511 1974
1833 1440
1440 1144
1874 1899
1278 1874
1278 1258
1278 999
1874 303
585 217
585 1899
1323 90
1323 1669
1323 1510
1323 1874
1323 465
1323 1792
1323 316
852 1278
852 1144
148 1706
1501 1874
1501 585
1501 1440
999 585
1814 1706
1874 1128
585 1144
1198 1144
1198 1291
1198 605
1833 1625
303 1874
898 1490
1369 21
217 1899
217 1963
411 1144
1809 1706
1874 513
999 217
999 1258
999 1899
549 1874
376 1874
1198 1144
1440 1833
1440 1874
1440 1258
1440 999
1278 1144
1198 1144
350 918
1874 1420
1522 1899
1522 1963
1580 217
1580 1144
1580 1998
1522 1440
1833 350
1833 1874
1833 1258
1833 151
1874 1309
1874 511
1497 1874
1768 1874
1369 21
229 1874
999 1269
999 1874
999 536
999 1144
1874 350
511 1874
511 1258
301 301
1625 1625
1440 1735
1440 1833
1440 1874
1440 1258
1440 999
1874 1833
1874 1440
1194 1144
1874 585
1440 1833
585 1874
852 1587
852 1874
852 1258
852 1998
852 999
903 1501
903 999
620 1874
999 1144
999 723
1319 1874
1369 1625
1369 1874
1369 1258
852 217
852 1854
852 34
852 1258
1768 1874
1580 1144
1580 511
1198 1144
999 903
999 1501
585 1144
1874 1497
1833 1874
999 1963
999 1874
999 1258
999 1998
1874 1440
1874 817
45 1144
45 34
229 1874
1874 585
1974 1144
585 1501
1522 1899
1522 999
1768 84
1874 1278
1874 1440
1278 1144
1258 1899
1874 1963
615 1874
903 1144
852 1874
852 1768
1874 1309
1874 511
1874 1974
898 1490
1874 1963
1874 1258
1874 1998
1874 999
1874 829
1874 539
1258 1874
511 1144
1833 1625
521 1874
376 1369
376 1258
1874 1833
1874 1586
1874 1258
1874 1963
1874 999
229 1874
1497 1874
539 918
1894 1144
1297 585
1297 1706
350 829
350 1874
350 539
1874 31
350 539
1440 1144
1874 1144
1874 1974
963 511
1440 1833
1440 1874
1440 1258
1440 999
1874 1768
1874 852
1369 1120
1369 465
1369 14
1369 1576
1369 203
1369 641
1369 410
1369 794
1369 1874
1369 272
1369 165
1369 1323
1369 585
1369 852
1369 47
1369 120
1369 999
1369 453
1369 1019
1369 1987
1369 1894
1369 1586
1369 1258
1369 1792
1369 1587
1369 1430
1369 1670
1369 980
1369 306
1369 690
1369 1743
1369 329
1369 1963
1369 419
1369 558
1369 412
1369 1501
1369 817
1369 266
1369 1434
1369 217
1369 1467
1369 25
1369 457
1369 1522
1369 890
1369 1241
1369 24
1369 1976
1369 511
1369 1440
1369 1179
1369 1839
1198 1144
1198 1144
1874 853
1874 690
1874 999
1874 23
1874 1874
585 1144
1576 1963
1874 1258
841 1874
1874 350
1874 603
1369 1899
1369 217
1369 1899
585 1144
1440 1833
1625 1625
1992 1144
1992 585
1706 412
1706 1768
1706 84
1291 1278
1291 1144
1291 852
1768 1874
1198 1144
350 1874
1278 217
1278 1899
1874 229
308 1706
1258 1258
549 1874
341 1706
1198 1144
999 21
34 1144
999 1278
999 1144
1874 1422
1587 1962
1587 999
1587 1874
1587 1506
1587 824
1587 1878
1440 1144
403 1144
350 1874
1992 1144
1992 585
1440 1874
1874 549
1874 1833
1874 1440
1369 217
1369 1899
1369 999
1497 1874
1874 1934
585 1899
999 1269
1440 1833
1874 55
1586 1839
1440 1874
585 1894
511 1522
511 1874
511 1899
511 999
229 1874
1587 1874
1258 852
658 1742
1626 1626
1874 1269
1874 999
511 1309
1874 1586
1874 1258
1578 1144
1578 723
1874 1768
1874 852
511 90
511 1369
511 1899
1833 1874
1833 1258
1833 999
898 1490
1278 1144
1258 833
1874 1587
1874 829
84 350
84 1874
737 1144
1258 1874
729 251
1278 1144
1776 1874
1874 1087
1269 1874
1269 999
45 1144
656 1144
511 21
585 1144
1874 521
1440 1874
1440 1258
1440 999
1874 1497
1522 1974
1522 1899
1522 999
84 1874
84 1563
84 1768
1963 1586
1963 1874
1963 1258
1963 999
1874 511
1874 999
1586 1833
1999 1
829 1874
350 1833
1874 615
1998 1440
1998 511
1874 229
1628 1
1963 1874
1440 511
605 1144
1874 829
585 1899
999 1899
603 1833
1578 1144
1578 1369
1562 1874
539 829
539 1874
511 21
1198 1144
1198 34
1874 1587
999 1144
999 511
1278 1440
1833 690
156 1874
1580 217
1580 1144
1580 1998
1625 1625
1874 55
999 1874
999 1258
1963 999
1963 1323
1963 1874
1963 1833
1963 1586
1963 1258
1440 411
511 1874
1440 1874
1625 1874
1625 1258
84 1563
84 1706
84 15
1833 1191
1369 1144
1369 511
1874 1440
217 1144
34 1144
1894 1144
350 1874
1194 1144
471 1874
1874 1522
1874 1899
1874 999
605 1144
1874 412
1874 1874
211 211
999 21
303 1874
1587 1269
1587 1874
1587 536
1587 999
1974 1144
1974 1974
411 1144
303 1874
999 1269
1833 1191
1833 1586
1833 1839
833 1874
833 1258
1894 585
1894 1899
620 1768
229 1874
1258 1874
1258 1963
1258 999
1258 1309
1258 511
1258 1874
1258 1974
1963 1874
1963 1258
1963 999
829 539
1874 1833
252 1
999 1144
1587 1874
467 1706
903 1144
918 539
411 1874
411 1258
411 999
1995 1144
350 1874
833 1874
833 1258
1874 1587
1874 457
1833 1586
1422 1874
1768 1874
1768 852
1874 303
1179 465
1179 1874
1179 1792
1522 1144
999 217
999 1522
999 1899
1440 1874
1198 1144
620 1874
1894 1144
1369 1144
217 1899
217 999
346 1706
585 217
585 1899
1284 1
346 1706
1833 1576
1894 1144
999 1587
999 1874
999 1258
999 852
999 1998
1021 1021
1963 217
1963 1323
1963 1899
1440 1874
217 1899
217 999
350 1706
275 275
585 1144
1628 1
1258 1874
585 1198
1258 1874
1894 1144
1522 1258
1522 1874
1522 1974
1522 1998
1522 999
1198 1144
1198 723
1198 999
999 853
999 690
1323 999
1323 1874
1323 1963
1323 1833
1323 1586
1323 1258
1874 1269
1874 536
1586 1751
344 1144
1625 1625
1874 829
1874 1930
1874 156
539 829
539 584
539 1874
539 166
539 1563
539 350
539 918
1323 999
1323 1874
1323 1963
1323 1833
1323 1586
1323 1258
620 1874
620 1768
1974 47
1974 1874
1974 1258
1974 999
1625 1625
1874 511
1874 1369
999 1963
999 1874
999 1258
999 1998
1874 1587
1874 457
1269 1874
1269 536
1198 1144
1522 1144
1278 1440
1278 1874
1278 411
1278 999
1878 999
1878 1874
1878 1974
1878 1587
1878 852
1878 1674
1833 1440
1742 658
1742 1258
1742 1706
1768 1874
1706 1833
1706 1586
1706 1258
1706 1963
1706 999
999 1144
1894 999
1198 1144
1580 1144
1580 403
1580 1198
1198 1144
1198 403
1440 1874
1874 376
1440 511
1874 1278
1874 1258
1874 999
1258 1833
903 1501
903 999
999 1309
999 511
341 1706
1874 1258
1440 511
1303 690
229 1874
918 350
999 1899
1874 1899
999 1587
999 1874
999 1269
999 1673
999 536
585 1144
1874 153
1874 229
999 1963
999 1874
999 1258
999 1998
511 1440
1258 1874
90 511
90 1369
1374 1706
55 1874
1874 1874
1874 1963
1626 1626
585 1144
585 34
1501 999
1768 1874
1440 1874
1874 1587
585 1144
1963 1899
963 511
1874 1278
1874 1258
1874 999
1770 539
511 1309
350 1874
1440 1625
1198 1144
1278 1899
411 1144
511 1899
1369 1522
1369 1258
1369 1899
1999 1
918 350
1768 1874
1768 329
1768 1258
350 1874
1291 1291
511 1874
999 21
1578 1144
1578 1198
1258 1874
1580 1144
1580 1369
1440 1874
1874 1833
1874 1751
539 829
539 584
539 1874
539 166
539 1563
539 350
539 918
217 1278
217 1899
1712 963
1874 1874
1874 1285
1833 1440
1770 918
45 1144
1874 350
838 1874
1440 1278
1586 1751
1198 1144
511 1440
229 1874
1278 1874
1278 1258
1278 999
1874 829
90 511
90 1369
918 539
1874 1874
350 1874
1814 1706
1522 1258
1522 1899
718 1
1751 1486
1751 1874
1751 999
1580 1144
1580 585
999 1522
999 1899
1278 1144
1440 1874
1874 187
1874 1874
1625 1625
511 1874
585 1144
1628 1
411 21
1874 350
1874 1833
1874 1586
1874 203
1814 1874
999 1874
999 1258
999 1963
1258 1874
1874 84
1874 412
1874 829
1974 1309
1974 511
1974 1874
1706 1258
918 350
1874 1894
1874 511
1874 1899
1874 1522
1874 1899
1369 511
1369 1874
737 1144
737 628
737 553
1874 1497
1181 1706
1278 1874
1278 1258
1278 999
999 585
999 1874
1198 1144
1974 21
1974 1258
1874 1408
1278 1144
217 511
217 1899
1874 1440
1303 1833
718 1
1258 1874
1258 1963
1258 999
350 1874
1278 1440
1291 1278
1291 1144
272 272
1374 1706
1587 1874
217 1144
498 1706
1894 1144
1586 1874
1833 1874
1578 1144
1737 115
511 1144
1369 1874
1369 1258
511 1874
511 1369
229 1874
1874 1522
1874 1899
1269 1522
1269 1874
1269 536
1269 999
1578 1144
1578 656
1874 1768
1874 852
1440 1833
1440 1874
1440 1258
1440 999
350 829
350 584
350 1874
350 166
350 1563
350 539
350 918
585 1144
1874 1258
1874 203
1930 1874
829 350
585 1144
585 1144
539 829
539 584
539 1874
539 166
539 1563
539 350
539 918
1706 1587
1706 457
999 217
999 1522
999 1899
1874 1258
1768 84
1369 217
1369 1899
1369 1963
1874 1587
605 1144
1 1874
1 664
1369 47
1369 999
1369 1522
1369 1874
1369 1974
1369 1258
511 898
1258 1899
1258 21
1440 1833
585 1874
1440 411
1522 1144
1522 723
1522 999
1278 1144
1809 1706
1580 1278
1580 1144
999 1144
84 350
84 1874
498 1706
1874 829
411 1144
1874 187
1874 1874
585 1144
907 1706
999 585
999 1874
13 1874
350 1874
350 1768
1440 1833
622 622
350 1874
690 603
1278 1144
1833 1586
1833 1874
1833 1258
1833 151
1833 999
999 429
1522 1144
1522 1894
1522 1580
350 1874
1291 1144
1291 1440
1625 1625
1874 1258
1874 411
1874 999
1874 1587
999 1269
999 536
217 1144
1625 1625
999 1269
999 1874
999 536
539 918
539 350
1291 1144
1291 605
1801 1833
498 1706
1269 1874
1269 536
1269 999
1874 1497
1580 1144
1580 1894
1768 1874
1440 729
999 217
999 1899
1874 1833
1874 1586
658 1874
84 350
84 1768
84 1563
84 1874
84 1258
217 1899
217 1963
217 1522
217 1899
217 999
511 898
999 903
999 1501
1874 376
1529 1706
723 1144
1963 1899
1 1716
1 1874
521 1874
1874 829
999 1269
999 536
723 1144
1894 1144
690 853
690 1751
690 603
690 1833
690 1586
690 1303
1198 1144
1874 1874
1874 1285
1497 1874
1874 1258
1874 999
1628 1
1128 1874
350 539
1087 1874
534 1874
1833 1874
217 1457
217 1854
217 1258
217 852
1440 1144
585 1992
511 1874
217 1899
217 1369
1874 1833
1874 1440
411 1440
411 1278
411 1874
84 350
84 1768
84 1563
84 1874
84 1258
1874 187
1874 1874
1768 412
1768 1874
1768 84
999 1144
999 585
999 34
1522 1144
999 1587
999 1874
999 1269
999 1673
999 536
723 1144
1874 350
585 1144
1874 21
1874 1974
1440 1833
457 1587
457 1874
1874 203
1874 1258
1278 1144
1580 45
999 511
999 1501
784 1663
784 1638
784 620
1501 999
1874 1768
1874 852
999 1587
999 852
999 1874
999 1258
999 1998
1369 21
1874 1440
585 1874
585 1144
1792 1179
1792 1874
1792 465
1258 1144
1198 1144
863 1706
863 852
863 999
1258 1586
203 1874
1934 1706
1278 1144
999 21
999 1974
740 1706
1874 1587
898 1490
1198 1144
740 1706
1440 1833
1258 1874
1258 203
1587 1874
217 1258
217 1899
1258 1258
1963 1899
20 963
1894 1144
1874 853
1874 690
1874 999
373 895
793 1889
1629 278
1629 895
793 1889
498 246
793 1889
691 56
691 691
793 1889
793 1889
793 1889
279 895
793 1889
793 1889
793 1889
793 1889
895 373
793 1889
1079 1089
1079 1005
1079 1035
793 1889
793 1889
793 1889
793 1889
882 1906
882 1306
882 1377
882 1594
882 1159
882 246
1906 895
793 1889
895 435
1669 895
90 90
1037 1952
1037 245
1037 998
1037 728
1037 80
1037 1550
1037 1058
1037 246
1037 991
1037 1159
1037 1393
793 1889
453 895
453 1287
453 1669
453 895
453 1287
793 1889
793 1889
793 1889
882 1377
882 1952
882 1306
882 1159
882 246
1500 1906
895 373
793 1889
1906 895
1625 1625
1500 279
793 1889
793 1889
1669 56
1669 56
1266 1500
895 1763
793 1889
1625 1625
793 1889
279 895
1339 246
793 1889
1500 453
1500 1287
453 56
793 1889
793 1889
1339 246
1500 1629
1500 278
793 1889
793 1889
793 1889
793 1889
373 895
1906 895
793 1889
498 246
1669 56
793 1889
1813 895
621 895
373 895
1669 56
793 1889
1500 1906
793 1889
529 895
529 1876
882 1906
882 1306
882 1377
882 1594
882 1159
882 246
793 1889
1079 1763
1079 1005
793 1889
691 56
793 1889
279 895
279 895
793 1889
793 1889
435 1500
793 1889
1037 1952
1037 245
1037 998
1037 728
1037 80
1037 1550
1037 1058
1037 246
1037 991
1037 1159
1037 1393
993 17
869 993
993 869
1797 1701
993 869
993 453
993 1906
476 993
691 56
691 691
341 1701
869 993
1625 1625
993 17
993 1466
17 993
993 476
993 396
301 301
341 1701
993 869
993 453
993 476
17 993
1625 1625
341 1701
993 17
1906 993
1906 1594
1906 1306
1906 1159
1906 1377
341 1701
155 869
1931 1701
737 737
301 301
993 869
1625 1625
993 476
993 869
341 1701
17 993
993 396
993 869
1612 993
869 993
1369 1369
453 56
341 1701
869 993
993 17
1625 1625
993 869
993 1868
1466 993
993 240
993 869
869 993
1920 396
993 869
993 869
1625 1625
1797 1701
1625 1625
993 17
1669 56
737 737
1625 1625
1625 1625
993 869
396 1920
993 869
869 993
498 1701
511 511
498 1701
1797 1701
453 56
993 869
1625 1625
869 453
869 993
1625 1625
341 1701
1440 1625
1797 1701
869 993
869 476
869 855
993 17
659 798
993 869
1669 56
1625 1625
993 869
993 869
17 993
1669 56
1625 1625
993 869
1625 1625
476 993
396 993
17 993
1868 1701
993 17
1797 1701
17 993
1906 993
476 869
476 993
1625 1625
691 56
1625 1625
511 511
993 17
993 869
1868 993
1466 993
993 869
301 301
98 702
1876 529
1625 1625
278 453
1669 56
278 702
691 56
691 691
1625 1625
1625 1625
498 547
278 1629
511 511
1625 1625
1441 547
498 547
1625 1625
1669 56
453 56
1669 56
737 737
1625 1625
1625 1625
1625 1625
278 415
1625 1625
278 869
659 798
278 453
869 278
1625 1625
278 1317
278 453
2024 547
511 511
1625 1625
278 1838
301 301
453 56
1625 1625
737 737
1625 1625
1277 1669
1277 2027
1277 630
1277 1629
1277 155
1277 1619
1277 869
1277 278
1277 713
895 1629
895 278
1440 1625
1441 547
1369 1369
453 278
1625 1625
529 1876
1164 278
869 278
1441 547
1339 547
1629 278
1629 895
98 470
1774 1876
1774 529
869 1366
869 1277
869 713
869 630
869 1523
869 1629
869 155
869 1619
869 278
1625 1625
1441 547
702 278
691 56
608 547
1669 56
1838 278
1339 547
498 547
453 278
713 1479
713 819
713 1780
713 142
713 1906
713 279
713 892
713 293
1669 1839
1323 90
1323 1669
1323 1510
1323 1874
1323 465
1323 1792
1323 316
1669 730
1669 453
1669 713
993 1906
1641 1377
803 1669
1641 1377
1839 1576
1669 453
1588 1669
1669 453
1669 453
1586 1629
1839 691
1277 1669
1277 1277
1669 1839
1669 1576
1839 1510
1839 1576
1839 203
1839 1874
1839 704
1839 1830
1839 1878
1839 999
1839 465
1839 1987
1839 1586
1839 1258
1839 539
1839 1410
1839 1323
1839 1792
1839 1963
1839 105
1839 412
1839 1052
1839 1833
1839 511
1839 1440
1839 479
702 1669
1120 90
1120 1510
1120 1669
1120 1576
1120 479
1669 730
1669 630
1669 1619
1876 1669
511 511
702 1669
1839 1510
1839 1576
1839 203
1839 1874
1839 704
1839 1830
1839 1878
1839 999
1839 465
1839 1987
1839 1586
1839 1258
1839 539
1839 1410
1839 1962
1839 1323
1839 1792
1839 1963
1839 105
1839 412
1839 1052
1839 1833
1839 511
1839 1440
1839 479
1287 1669
1669 1813
2027 1669
702 1669
1669 1586
730 1669
1 1669
1 264
1669 1749
301 301
1277 1669
1669 702
1669 453
691 1669
1839 691
1669 453
1485 1377
1669 702
1669 1876
1669 1749
1669 702
1669 630
1669 56
1906 1669
1576 1839
702 1669
1601 1669
1669 2027
1669 1277
1669 155
1669 630
1669 895
1586 1669
1 1669
1 1260
453 1669
690 1839
1629 1669
1698 1669
1195 1669
1287 1669
1669 1876
511 511
1287 1669
1839 691
1669 1906
341 1377
1669 1906
1669 630
1669 2027
1669 1277
1669 1586
1839 702
341 1669
1277 1669
1277 2027
1669 1586
1586 1669
1120 1669
453 1669
453 895
453 1287
301 301
691 1839
341 1669
659 798
1906 1669
1906 1876
453 56
713 205
713 195
713 453
341 1669
1222 1377
691 56
691 691
702 1669
702 1669
1669 1749
1669 1876
1839 1669
1880 453
1880 713
1880 1669
1669 1120
1669 155
1669 76
341 1377
691 1669
1963 1833
1963 1669
1963 1586
1963 1323
1963 1839
1906 993
1906 1594
1906 1306
1906 1159
1906 1377
341 1669
1669 56
1876 1669
737 737
1669 691
1669 555
1669 56
1839 1669
1839 1576
1839 1323
1839 574
1839 1586
1839 151
1839 690
1669 730
1586 1669
1310 1377
1669 730
1813 453
1813 1669
1277 1669
1277 2027
1277 155
1277 630
1839 1576
1669 1588
1586 1669
1669 453
1669 1876
1669 1906
1669 453
1669 453
1120 203
1120 453
1120 465
1120 1770
1120 1586
1120 1792
1839 1669
1839 1963
1669 869
341 1669
1669 702
1619 1669
1619 1669
453 1669
1669 1287
1963 1669
1963 1839
341 1669
702 1839
1163 1669
1669 702
869 1669
869 1287
1669 555
1876 1906
1120 90
1120 1510
1120 1669
1120 1576
1120 479
453 56
1369 1369
1120 1669
2027 1669
1839 691
1669 453
1618 1159
453 1669
1120 1669
1120 1576
1576 690
1163 1669
155 1669
702 1669
1277 1669
1277 2027
1277 630
1277 1629
1277 155
1277 1619
1277 869
1277 278
1277 713
1839 691
1669 730
1876 1669
737 737
1839 1669
1839 1576
1839 1323
1839 574
1839 1586
1839 151
1839 690
1839 1576
1669 1586
1618 1159
730 1669
730 630
1669 702
1669 1839
1669 1120
155 1669
1588 1669
1813 1669
1839 1576
1906 993
1669 691
1669 453
341 1669
1669 1163
1195 1669
1669 1749
453 713
1669 1586
1669 730
341 1669
1669 56
465 2027
1669 1394
479 1430
479 1731
479 690
479 556
479 585
479 1670
479 558
479 599
479 272
479 1523
479 210
479 511
479 465
479 1241
479 90
479 1510
479 1987
479 165
479 1878
479 713
479 266
1839 1669
1839 1576
1839 1323
1839 574
1839 1586
1839 151
1839 690
1669 1601
730 1669
1669 769
1669 1083
1669 1669
1669 1669
1669 477
1669 1277
1839 1669
341 1669
1586 1669
1629 1586
1120 1669
1669 1277
453 1669
453 1669
1641 1377
1839 1576
713 453
1669 1876
869 1366
869 1277
869 713
869 630
869 1523
869 1629
869 155
869 1619
869 278
341 1669
1669 1163
453 1669
1839 1576
1839 691
1876 1952
1876 1601
453 1287
869 1669
869 1287
1287 1277
1287 1124
1104 1952
1876 691
1876 1287
1876 1287
176 691
453 1876
1091 1876
1839 691
1339 1952
1669 1287
691 1669
1876 1952
691 56
1287 1876
301 301
1698 1952
1876 1813
1813 1876
1876 453
691 176
1287 1876
1339 1952
691 279
882 1377
882 1952
882 1306
882 1159
882 246
1287 1209
453 1287
1287 1876
1876 1287
1287 1876
498 1952
1287 1876
1287 713
1876 713
1876 476
279 895
1287 1272
1619 1876
1876 1287
1876 1952
1287 869
1876 1287
1287 1698
1876 1619
1287 1876
1037 1952
1037 245
1037 998
1037 728
1037 80
1037 1550
1037 1058
1037 246
1037 991
1037 1159
1037 1393
1287 1669
1287 1876
1287 453
1906 895
1287 453
1116 1952
1839 691
1287 995
895 1906
1698 1952
1287 870
1287 1914
1287 995
1287 870
453 56
1287 995
1619 1277
1619 1287
1328 713
1328 453
1287 1287
1287 1876
1876 1287
1914 1287
1698 1952
1287 869
1287 1876
1287 1876
1287 1876
1876 1091
1876 1287
1287 1876
1876 1287
1876 1952
1914 1287
1839 691
1906 895
1629 278
1629 895
1698 1952
1876 1952
1287 1669
1287 1669
1287 1876
1876 1287
301 301
691 1839
453 1669
453 895
453 1287
1876 1287
453 895
453 1287
1287 1876
1287 1876
1914 1287
702 691
702 1287
498 1952
1876 1287
895 453
895 1287
691 176
630 1277
630 1287
1839 691
1037 1952
1037 245
1037 998
1037 728
1037 80
1037 1550
1037 1058
1037 246
1037 991
1037 1159
1037 1393
511 511
870 1287
1287 453
895 279
702 1669
1839 691
1876 1914
1813 1876
1669 1839
1669 1576
453 56
1876 1272
895 1629
895 278
1914 1287
453 1287
1287 1876
1698 1952
1876 1287
1876 1619
1287 1555
1669 56
1876 1287
1876 1287
1287 453
1287 1876
1287 1277
1287 1124
1287 1629
1287 155
1287 630
1287 869
279 691
1287 1876
1287 995
713 1876
1876 1914
1914 1876
1287 691
1287 1876
659 798
1287 1876
1369 1369
1876 1287
1287 855
1287 870
1839 691
1287 1876
498 1952
1287 453
1287 995
870 1287
1277 1287
1277 630
511 511
1876 1287
691 702
691 1287
1287 1914
1876 1287
1669 56
1669 56
1957 1952
453 1287
1669 56
1876 1091
1287 1272
869 1287
1619 1876
176 691
1328 713
1328 453
1272 1287
1287 1277
1287 1619
895 1906
1698 1952
1287 1876
1287 1876
1698 1952
1272 1876
1287 995
1287 1876
476 855
476 1287
691 56
691 691
