1800 1159
1441 1159
1385 453
1625 1625
882 1377
882 1773
882 1306
882 1159
882 547
359 453
1159 713
453 1076
359 453
453 56
1669 453
1159 1748
263 1159
1159 1277
1852 453
1037 1694
1037 1159
1037 1377
1157 1159
869 453
453 713
1957 453
2027 56
453 1918
453 56
569 453
1369 1369
1037 1195
1037 1444
1037 80
1037 1159
1037 1377
453 713
223 1159
882 449
882 1159
882 1377
1287 453
1287 453
1287 453
987 1159
412 1770
412 1278
453 869
137 1159
713 453
453 630
1159 279
1690 453
223 1159
453 1277
1625 1625
1618 1159
1618 547
453 1669
453 1813
453 713
1491 1159
1328 1587
1328 897
1328 1070
1328 358
1328 572
1328 245
1328 1158
1328 453
1328 410
453 1287
569 869
569 424
569 453
1758 1159
1287 453
1792 1770
969 453
1037 1981
1037 1594
1037 1159
1037 1377
1159 869
1278 1770
1278 412
1278 999
453 2027
1550 1768
1550 329
1550 1536
1550 1987
1339 453
1192 453
1192 359
1159 1023
630 453
882 449
882 1159
882 1377
453 494
1625 1625
1159 807
1246 1159
1308 1159
1159 895
1874 1278
1874 412
1874 257
713 453
869 453
498 1159
1618 1159
882 449
882 1159
882 1377
453 56
453 1541
412 1465
1159 1690
223 1159
1287 56
1541 453
1159 1405
453 938
453 1880
1159 249
987 1159
1246 1159
359 453
882 1377
882 1773
882 1306
882 1159
882 547
1258 1258
882 449
882 1159
882 1377
1690 453
1690 453
1536 1768
1536 1550
1536 329
1536 1987
1536 1748
882 1594
882 1906
882 1306
882 1159
882 1377
938 1880
292 453
97 453
999 1278
999 412
999 257
737 737
223 1159
453 359
1629 453
453 1287
805 1159
223 1159
1770 999
569 869
569 453
135 691
1220 1220
691 453
1918 1159
1 453
223 1159
869 453
1369 1369
359 576
359 1976
359 1536
359 1550
359 453
713 453
1669 453
1 453
292 453
279 713
453 902
895 453
1159 1852
1246 1159
217 1151
217 841
217 999
1159 175
1655 1159
869 453
1669 453
1770 412
1 453
1334 1159
453 97
363 1159
869 569
869 453
882 80
882 1424
882 1159
1874 31
1625 1625
137 1159
1625 1625
1277 453
292 453
249 453
1625 1625
1 453
1037 1195
1037 1444
1037 80
1037 1159
1037 1377
1780 453
1780 713
1159 1690
943 1151
943 217
943 841
943 999
1159 1780
5 1159
453 292
869 569
869 453
869 424
1277 329
1277 1550
1277 1768
1277 1536
1277 1987
1159 1287
249 453
569 869
569 424
569 453
702 453
702 56
1159 1918
1625 1625
424 869
424 569
424 453
1278 1465
367 1159
1159 1748
713 453
359 1277
895 453
1 453
223 1159
902 453
1758 1159
1159 1614
746 1768
1159 1748
453 1881
453 1541
419 1278
1881 453
1277 453
1880 453
1690 453
1277 1207
1277 453
453 1813
424 569
424 463
424 105
1880 624
453 1277
369 453
869 453
1159 292
1287 453
1159 249
453 1880
453 1405
97 453
1287 453
999 1768
498 1159
1 453
1023 453
938 453
1159 938
1277 155
1614 453
137 1159
249 453
1 453
1813 453
1159 97
223 1159
1541 453
1839 1120
1839 1576
1839 1510
1839 1878
1839 1874
1839 1830
1839 465
1839 453
1839 1987
1839 1586
1839 1258
1839 539
1839 1669
1839 1962
1839 1792
1839 1052
1839 450
1839 1768
1839 1963
1839 1649
1839 668
1839 1833
1839 479
882 80
882 1424
882 1159
453 369
1690 453
453 869
737 737
869 453
5 1159
1839 1120
1839 1576
1839 203
1839 1510
1839 1874
1839 1830
1839 999
1839 465
1839 1586
1839 1258
1839 539
1839 1410
1839 419
1839 1323
1839 1792
1839 1963
1839 412
1839 1052
1839 1768
1839 1833
1839 511
1839 479
1625 1625
1770 31
869 569
869 424
869 453
1159 869
87 1159
279 713
137 1159
1159 713
1625 1625
228 1159
1287 453
1669 453
453 998
453 991
1813 453
453 97
1159 1676
1328 713
1328 453
453 292
1881 453
1625 1625
453 1690
2027 1955
764 1159
1 453
1023 453
1768 999
1159 1250
1 453
1328 713
1328 453
1159 869
223 1159
249 453
494 453
1328 1587
1328 897
1328 1070
1328 358
1328 572
1328 245
1328 1158
1328 453
1328 410
1277 453
1669 56
1669 453
1813 453
1955 2027
453 494
249 453
999 1151
999 217
999 841
137 1159
1159 1287
841 1151
841 999
223 1159
805 1159
1768 1278
2027 1955
1852 453
1625 1625
1983 1159
453 1881
1955 2027
1159 1277
1880 1159
764 1159
1441 1159
1618 1159
1618 572
223 1159
869 453
129 1159
1828 1159
228 1159
1625 1625
1550 630
794 794
223 1159
869 453
1159 1614
1541 453
1780 453
453 1690
2027 453
902 453
1159 1669
1159 1852
292 453
1800 1159
87 1159
1277 359
1614 453
1369 1369
630 1550
498 1159
1076 453
705 1159
1669 56
1918 1159
998 453
1159 369
223 1159
424 869
424 569
424 453
1780 453
1451 1159
1159 1023
2027 869
2027 453
869 453
1159 249
1278 1465
1157 1159
494 453
263 1159
1369 1120
1369 465
1369 14
1369 1576
1369 203
1369 641
1369 410
1369 794
1369 1874
1369 272
1369 165
1369 1323
1369 585
1369 852
1369 47
1369 120
1369 999
1369 453
1369 1019
1369 1987
1369 1894
1369 1586
1369 1258
1369 1792
1369 1587
1369 1430
1369 1670
1369 980
1369 306
1369 690
1369 1743
1369 329
1369 1963
1369 419
1369 558
1369 412
1369 1501
1369 817
1369 266
1369 1434
1369 217
1369 1467
1369 25
1369 457
1369 1522
1369 890
1369 1241
1369 24
1369 1976
1369 511
1369 1440
1369 1179
1369 1839
569 869
569 453
882 1594
882 1906
882 1306
882 1159
882 1377
691 56
1159 569
1159 463
1120 203
1120 453
1120 465
1120 1770
1120 1586
1120 1792
1159 249
1384 1159
1277 453
869 453
737 737
691 1669
691 453
362 453
293 453
1369 1120
1369 465
1369 14
1369 1576
1369 203
1369 641
1369 410
1369 794
1369 1874
1369 272
1369 165
1369 1323
1369 585
1369 852
1369 47
1369 120
1369 999
1369 453
1369 1019
1369 1987
1369 1894
1369 1586
1369 1258
1369 1792
1369 1587
1369 1430
1369 1670
1369 980
1369 306
1369 690
1369 1743
1369 329
1369 1963
1369 419
1369 558
1369 412
1369 1501
1369 817
1369 266
1369 1434
1369 217
1369 1467
1369 25
1369 457
1369 1522
1369 890
1369 1241
1369 24
1369 1976
1369 511
1369 1440
1369 1179
1369 1839
279 453
245 1058
245 410
245 453
245 329
245 1906
245 1587
245 1987
245 1768
999 1770
1023 453
869 453
1618 1159
1623 1706
217 1833
217 1874
1580 1144
1580 852
34 1144
34 627
1522 1874
1522 1899
1839 1120
1839 1576
1839 1510
1839 1878
1839 1874
1839 1830
1839 465
1839 453
1839 1987
1839 1586
1839 1258
1839 539
1839 1669
1839 1962
1839 1792
1839 1052
1839 450
1839 1768
1839 1963
1839 1649
1839 668
1839 1833
1839 479
498 1706
1522 1144
1963 1278
1963 1874
1963 1258
1963 999
999 1874
999 1258
1440 1580
1278 1465
963 511
706 1874
45 1144
1874 511
411 1874
411 1258
411 999
1369 1120
1369 465
1369 14
1369 1576
1369 203
1369 641
1369 410
1369 794
1369 1874
1369 272
1369 165
1369 1323
1369 585
1369 852
1369 47
1369 120
1369 999
1369 453
1369 1019
1369 1987
1369 1894
1369 1586
1369 1258
1369 1792
1369 1587
1369 1430
1369 1670
1369 980
1369 306
1369 690
1369 1743
1369 329
1369 1963
1369 419
1369 558
1369 412
1369 1501
1369 817
1369 266
1369 1434
1369 217
1369 1467
1369 25
1369 457
1369 1522
1369 890
1369 1241
1369 24
1369 1976
1369 511
1369 1440
1369 1179
1369 1839
1278 1144
1522 1144
939 1453
939 1144
1580 1453
1580 1144
852 536
852 1844
1874 1833
1874 217
585 1465
1587 1768
1587 1874
1587 1258
1874 585
1874 1258
1874 999
217 1833
217 1874
217 1258
217 1963
217 999
999 1144
1874 1278
1874 1144
585 1144
1874 134
1874 1144
585 1144
1440 1144
999 536
1369 1833
1369 217
1369 1874
1258 1144
718 1
1586 1839
412 1465
999 1874
999 1258
999 1144
511 21
511 999
852 1541
852 1768
939 1453
939 1144
511 1874
1440 1218
833 1874
833 1258
1874 47
1874 1258
1874 1963
1874 999
1258 1144
1440 1833
1440 1874
1258 1440
1453 1144
1453 939
1874 203
1874 465
1874 1833
1874 1586
1874 1792
1874 1144
403 1144
903 1144
903 627
903 34
367 1706
1440 21
1587 1874
1587 1258
1874 1892
1874 1874
585 1899
1874 1278
1874 21
1874 614
1580 1144
1580 585
1369 1120
1369 465
1369 14
1369 1576
1369 203
1369 641
1369 410
1369 794
1369 1874
1369 272
1369 165
1369 1323
1369 585
1369 852
1369 47
1369 120
1369 999
1369 453
1369 1019
1369 1987
1369 1894
1369 1586
1369 1258
1369 1792
1369 1587
1369 1430
1369 1670
1369 980
1369 306
1369 690
1369 1743
1369 329
1369 1963
1369 419
1369 558
1369 412
1369 1501
1369 817
1369 266
1369 1434
1369 217
1369 1467
1369 25
1369 457
1369 1522
1369 890
1369 1241
1369 24
1369 1976
1369 511
1369 1440
1369 1179
1369 1839
1874 1963
1874 1833
1874 1258
1874 411
1874 999
24 429
1440 1258
1522 217
1953 1953
852 34
852 1198
1258 1144
1874 303
1874 96
1874 1440
1874 1580
1440 999
1874 999
1625 1874
1625 1440
1625 1258
1874 1258
1874 411
1874 999
1580 1144
1580 723
1894 1144
1894 34
1874 1258
134 1874
1278 21
1369 217
1369 1899
1369 1258
1369 1963
903 1144
903 1874
903 1580
1894 1144
1258 1874
1258 999
1440 1471
1258 1874
1874 1278
1874 412
1874 257
1440 1874
34 1144
999 1874
999 1440
999 1258
390 1887
390 1907
390 780
1278 1899
585 999
1258 1874
1440 411
1440 1144
1580 1144
1580 852
403 1144
403 1858
419 1278
1198 1144
1198 723
1198 1580
999 1144
511 21
403 1144
403 1858
1179 1874
1179 1823
1179 1792
999 47
999 1874
999 1258
999 1963
585 1144
1440 1874
1625 1625
1522 1874
1522 1899
511 217
511 1874
511 1258
511 1899
1580 1144
1580 852
1440 276
411 999
1874 614
1497 1874
656 656
1440 999
1541 1768
272 272
229 1874
1258 1894
1258 1874
1258 1899
1258 999
1198 1144
1440 1833
1874 1899
1874 999
411 1874
411 1258
411 999
1874 1874
1874 1020
1953 1953
999 1874
999 1440
999 1258
1625 1625
903 1144
1874 1269
1874 999
999 1309
999 1974
1768 999
1369 1144
999 585
1874 47
1874 1258
1874 1963
1874 999
411 1440
1453 1144
1453 939
1440 1580
999 1894
999 1899
1833 1440
1768 1587
999 1899
1963 1874
1963 1258
1963 999
999 1874
999 1440
999 1258
1198 1144
1198 585
1874 1387
1874 1576
1874 1751
1440 1874
1440 1258
1440 999
1576 1874
1576 511
1576 1751
1995 1144
1995 1198
1874 21
1874 1440
1440 12
390 984
1989 1989
1440 1833
585 1144
411 1833
411 1874
411 1258
411 1963
411 999
1258 1874
1874 1144
1998 1874
1998 1258
1998 852
1998 999
1576 511
411 1874
252 1
852 1874
34 1144
999 177
999 1874
999 1258
999 1998
511 1342
1258 1144
1291 1144
1291 1440
999 1874
1874 1874
1874 654
1580 1992
1580 1144
1580 1501
412 197
412 412
412 1874
1573 1
99 1706
1374 1706
1874 1440
1874 1258
1874 999
217 1874
217 1258
217 1963
217 999
1580 1144
1580 723
833 1258
1367 1706
1833 1440
1440 1874
1278 1522
1278 1899
852 1144
1440 1144
217 585
217 1899
999 1309
999 1974
1258 21
852 1854
852 1467
852 999
852 1874
852 1258
852 1998
511 21
1501 1144
1953 1953
1894 1144
1258 1874
1258 999
1440 999
1874 1440
1874 1670
1440 1278
1833 1874
1874 999
1874 1369
1874 1998
1874 1258
288 999
1522 1144
1522 999
1963 1874
1963 1258
1963 999
999 1278
999 1874
999 1974
999 1963
999 1258
939 1453
939 1144
939 627
1278 1144
1990 1258
1198 1144
582 1258
1501 1440
829 1874
346 1706
1 1258
1315 1706
1258 1874
1258 1440
1369 1369
1291 1291
1440 1874
1440 1833
390 1887
390 1907
390 780
838 1874
904 1144
1874 1440
1874 411
1874 1833
1874 1440
1874 999
585 1874
1278 1144
1440 1258
217 1258
217 1899
1258 1874
1625 1625
1945 1706
1839 1120
1839 1576
1839 203
1839 1510
1839 1874
1839 1830
1839 999
1839 465
1839 1586
1839 1258
1839 539
1839 1410
1839 419
1839 1323
1839 1792
1839 1963
1839 412
1839 1052
1839 1768
1839 1833
1839 511
1839 479
350 1874
1874 1645
1874 1874
479 999
479 794
479 1874
479 1987
479 1767
479 419
479 412
479 1911
479 1587
479 852
1998 1874
1998 1258
1998 1369
1998 999
999 1874
1894 1874
999 1874
999 1369
999 1998
999 1258
1440 1998
1999 1
585 1258
1874 1309
1874 1258
1874 1974
1874 999
55 1874
1258 1874
1440 999
511 1874
1198 1144
1198 723
1198 1580
1628 1
1874 1874
1874 1258
1874 366
1625 1625
1522 1144
1522 852
1522 1580
1440 276
1894 585
1874 1258
1874 1963
1874 999
1440 21
999 1144
1380 1144
12 1440
1894 1144
1440 903
1580 1144
1580 1369
412 197
412 1892
412 412
412 1080
1874 1874
1874 1020
1522 1144
1522 852
1522 1580
1258 1874
511 1342
1894 1144
1963 1899
346 1706
12 1874
1258 833
999 1874
1874 821
1258 1587
1258 1768
1258 1874
984 1907
984 1697
984 390
217 1874
217 1899
585 217
585 1899
585 1874
1874 511
1874 21
794 794
1833 1874
1833 1258
341 1706
1258 1874
1258 1974
1258 999
1874 1258
1874 1522
1874 1144
1874 1899
1440 1580
999 21
1369 1874
1874 833
1874 1258
411 1874
411 1258
411 1963
411 999
1874 217
1874 1258
1874 1899
1198 1144
1670 1874
1874 1833
1874 1440
511 1342
217 1899
217 999
939 1453
939 1144
999 47
999 1874
999 1258
999 1963
55 1874
511 1576
999 217
999 1899
1580 1144
1580 1380
411 1144
999 1144
999 1198
1874 411
718 492
718 1874
217 1144
599 599
1416 829
1258 1587
1258 1768
1990 1805
1990 4
999 1278
999 1874
999 1258
999 1963
272 1144
217 1899
217 1258
217 1963
1932 1874
1874 31
134 1874
1894 1899
1894 999
1258 1587
1258 1874
1258 1768
1278 1144
1258 1899
1874 999
1874 1874
1874 511
1932 1874
1974 1899
1874 12
1874 1278
1874 1974
1625 1625
1998 1144
1258 1899
1874 1670
1874 465
1874 1586
1874 1839
511 1440
585 1874
622 622
1874 1894
1874 1258
1874 1899
1874 999
1874 511
1874 1878
1874 1987
1874 833
1440 21
403 1198
403 1144
403 34
403 1995
403 999
1874 350
1874 1833
1874 1258
1874 203
1580 1440
1768 1278
1833 1440
1258 21
1874 1258
1874 1369
1522 1874
1522 1899
585 1899
1874 1874
1874 1020
1844 1144
1844 585
1894 1144
585 1899
1874 1440
1278 1144
511 217
511 1899
511 999
1839 1440
1839 1576
1198 1144
999 1874
999 1258
1440 1258
1453 1144
1453 939
1874 1874
1874 654
498 1706
1953 1953
1342 511
1522 1144
252 1
1522 1144
737 1144
737 628
737 553
1625 1625
1987 511
1987 1874
1987 1878
1874 1258
1874 411
1874 999
1833 511
1833 1874
1833 1258
1833 1369
34 1144
34 852
34 1580
585 1144
1440 852
1278 1144
1625 1625
1974 1874
1974 511
1198 1144
852 1080
852 1258
852 1998
852 999
1198 1144
252 1
1874 999
999 1309
999 1974
1874 999
1874 1974
1874 1258
1874 1440
585 1874
1440 999
1198 1144
1963 1833
1963 1874
1963 1258
1963 999
1440 1833
1809 1706
131 1
1369 1874
1369 1258
999 1144
999 429
1809 1706
939 1144
939 1440
34 1144
34 1995
34 1198
473 1874
511 1874
511 1576
511 1751
1974 1144
1369 1874
1874 1833
1440 1833
1440 1874
1440 1258
1440 999
1440 96
1874 1440
1874 999
903 1144
1440 1833
55 1874
367 1706
1258 585
1874 585
999 1309
999 1974
999 1874
999 403
999 34
999 1974
999 1198
999 1144
999 1995
465 526
465 1874
465 306
465 817
1440 1580
999 1899
1874 1833
1874 1440
1258 1990
272 272
1874 1258
1874 411
1874 999
1440 1144
1291 1144
1291 403
999 1309
999 1258
999 1974
999 1144
1874 412
1874 1874
217 1874
217 1440
34 1144
1278 1440
1278 1501
367 1706
511 1987
1440 411
1580 1144
1580 852
939 1453
939 1144
1258 1874
1833 1258
614 1874
1258 585
1998 1899
1258 1144
1278 1144
1974 1440
1369 1144
999 1278
999 412
999 257
999 21
1580 1144
1580 1998
1580 852
1626 1626
1874 821
350 1833
1198 1144
1278 1144
1269 1874
1269 999
1963 1874
1963 1258
1963 999
999 1440
1440 1833
1440 1258
511 1874
1291 1144
1291 1874
217 1899
217 999
411 1874
1258 350
1258 1833
1258 1586
1258 1874
1258 1839
1198 1144
1874 1144
1874 585
1890 1706
999 429
1874 1440
1440 1874
999 1309
999 1974
479 1767
479 1652
479 666
479 383
1278 1144
999 1874
710 1874
1258 1440
511 1874
454 1706
737 1144
737 628
737 553
1580 1144
1580 999
1963 1874
1963 1258
1963 999
1874 1874
1874 511
1874 1833
1874 1258
1874 1963
1874 999
1833 1440
1874 350
1874 1833
229 227
1874 1899
1258 1144
1957 1874
1440 1258
1258 1144
34 1144
1278 1874
1278 1258
1278 999
1894 1874
1894 1899
1874 999
1440 1144
1258 1144
1453 1144
1198 1144
511 21
1874 1440
999 21
740 1706
1198 852
1440 1218
403 1144
1440 1580
1874 511
1874 1369
1198 1144
1440 1833
1440 1874
1440 1258
1440 999
1625 1625
1323 1833
1323 1874
1323 1258
1833 217
1278 1874
1278 1258
1278 1963
1278 999
903 1144
903 1440
1720 1706
1874 47
1874 1258
1874 1963
1874 999
999 585
1258 1874
1258 1751
1258 999
999 1144
999 585
999 1198
1258 1963
403 1198
403 1144
403 34
403 1995
403 999
852 1144
1874 1522
1874 1899
1580 1278
1580 1855
1580 1440
1580 411
585 1144
1278 1874
1278 1258
1278 999
1833 350
1833 1874
1833 1258
1833 203
1440 1580
999 1874
1440 1874
1580 1522
1580 1144
1522 1144
511 1874
1874 1874
1874 654
303 1874
1833 1440
1258 1874
1580 1144
1580 1380
34 1144
999 1278
999 1440
1894 1899
1894 999
1580 217
1580 1144
1874 1440
1522 1144
1580 1440
1874 1874
1874 1258
1874 366
1291 1144
1291 1198
412 1874
412 1258
412 999
34 1144
34 852
34 1580
1291 1144
1291 403
1258 1874
1258 1963
1258 1998
1258 999
346 1706
833 1874
1894 852
412 1770
412 1278
217 1899
217 999
585 1144
1258 1833
1258 1874
1258 1963
1258 999
1440 1974
1440 511
1833 1874
1833 104
1833 1440
1833 1258
1258 513
341 1706
1369 1874
1369 1258
1706 134
1258 1144
1580 1144
1580 852
1706 1587
1706 1768
1706 1258
1440 1874
217 1144
939 1453
939 1144
1751 1258
1751 1874
1751 999
1768 1930
1522 1874
1522 1899
1930 1768
1930 1874
737 1144
1874 55
1278 1144
1957 1874
1198 1144
1874 1258
1874 1963
1874 999
1625 1874
1625 1258
1623 1706
1440 1144
1522 1144
1576 511
1666 1706
1809 1706
412 412
412 1874
1580 1144
1580 1501
1522 1144
999 1874
1278 1440
1278 411
1963 1899
1930 1768
1198 1144
599 599
1874 1144
1874 1258
1874 852
1874 1998
1874 999
863 1874
585 1899
1258 350
1874 1482
1580 1144
1580 852
999 1144
999 1258
1440 1974
1770 31
1844 536
1844 852
1625 1625
1874 197
1874 1677
1874 412
1874 1080
1625 1625
1380 1144
1833 1839
999 1501
999 1278
999 1874
999 852
999 64
1833 1874
1874 833
1874 1258
252 1
1625 1625
1580 1144
1580 999
1963 511
1963 1874
984 1907
984 1697
984 390
1440 898
999 1899
1258 350
1278 1465
1258 1833
1258 1440
1453 1144
1453 939
1522 1144
1258 1587
1258 1768
1258 1874
1415 658
1415 1415
1874 188
1874 1874
1874 1440
1522 1144
1522 852
1522 1580
1522 1144
1522 852
1522 1580
1992 1144
1992 585
1369 217
1369 1899
1369 999
1369 1874
1369 1963
1369 1258
252 1
1874 1258
1874 1899
1522 1144
1522 1144
1998 1874
1998 1258
1998 852
1998 999
1874 1833
1874 217
1894 1258
1894 1899
1440 1580
511 1440
1522 1899
1522 1963
1482 1
1258 1874
1963 1833
1963 1874
1963 1258
1963 999
1440 1833
1 1874
1 654
1974 21
1674 257
1674 1179
1674 203
1674 410
1674 794
1674 329
1674 24
1674 1987
1674 419
1674 412
1674 1586
1674 306
1674 1792
1674 1587
1674 852
1674 465
1674 1768
1674 1874
1674 817
1440 1874
1440 1258
1440 999
1440 999
1453 1144
1453 627
1874 1258
1974 1278
1874 12
1198 737
1198 1144
852 1144
999 1768
1706 1587
1706 1768
1706 1258
999 1874
833 1258
24 429
1369 217
1369 1974
1369 1899
1258 1833
34 1144
1974 1874
1974 1258
1974 999
1258 1258
511 1874
411 1899
1440 1833
1440 1874
1440 1258
1440 999
1768 1874
1258 833
999 1899
411 1874
1874 1899
1874 1258
1874 1963
1874 999
999 1144
999 34
999 1995
999 1198
723 1144
1440 276
999 1963
999 1874
999 411
999 817
999 1258
999 412
999 1874
999 1258
821 1874
1258 1874
1258 1963
1258 999
585 1144
511 1874
511 1258
1874 1899
1874 585
1874 1899
1874 852
1278 1144
1198 1144
1874 1144
1258 585
390 297
390 984
390 1697
1728 1706
1440 1144
1874 217
1874 1899
1440 511
1440 1874
1440 1258
1440 1369
1440 1833
1874 1522
1874 1144
1874 999
585 1874
939 1144
939 1440
411 429
1874 1440
1874 1278
1874 1501
1874 852
1974 585
1974 1894
1440 1144
1844 536
1992 1144
1992 1198
1440 1580
821 1874
1992 1144
1992 1501
1992 1580
1258 1833
1258 1874
1258 999
1258 1144
1874 229
999 1258
12 1440
12 1874
12 1670
1874 833
1792 1770
984 1907
984 1697
984 390
1615 829
1615 1874
1628 1
1440 21
252 1
999 21
339 1144
1369 1369
411 1874
411 1258
411 999
999 1894
511 1874
217 1899
217 999
723 1144
1258 1963
1258 1874
1258 411
1258 817
1258 999
1440 585
1140 40
1992 1144
1992 1501
999 1963
999 1874
999 1258
999 411
1874 1894
1989 1706
1258 1440
1258 1874
1258 999
999 1874
1548 1548
582 1258
1874 1440
1874 999
1453 1144
1874 1874
1874 1258
1874 366
1440 1580
412 412
412 1874
999 1894
999 1258
999 1899
829 1874
1874 1258
511 1874
802 1874
1258 1990
1258 1874
403 1144
403 1858
1628 1
1440 511
1440 1874
1874 1278
1792 1874
1792 1179
1792 1823
999 1899
1278 1874
1278 1258
1278 1963
1278 999
1522 1874
1522 1899
1194 1144
999 1874
999 1258
34 1144
1258 1899
1258 1963
1181 1706
1258 1874
1974 1278
1974 1874
1974 1258
1974 1963
1974 999
217 1899
217 999
1974 1440
1974 1974
217 1899
217 1874
217 1258
217 1963
217 999
1440 1874
411 1833
411 1874
411 1258
411 1963
411 999
1291 1291
1258 1144
1194 1144
1874 852
1894 1899
1894 999
1278 403
1278 999
1278 34
1278 1974
1278 1198
1278 1144
1278 1995
1369 1144
999 1894
1874 1258
1874 999
1258 1874
984 1907
984 1697
984 390
1874 12
1278 1144
802 1874
852 1080
852 1258
852 1998
852 999
1477 429
1477 1253
1833 1440
1974 1874
1974 1258
1974 999
999 1770
585 1899
829 1874
829 1615
1932 1874
1974 1874
585 1144
999 1522
999 1194
999 1144
1974 1278
1 1874
1 654
32 1706
1768 1587
1768 1874
1768 1258
852 585
852 1899
585 1144
1953 1953
1974 403
1974 999
1974 34
1974 1198
1974 1144
1974 1995
1580 1580
12 1874
1953 1953
489 1874
1770 999
999 1899
1874 1440
1998 1874
1998 511
1998 1440
1194 1144
1194 1858
511 1874
511 1258
164 1706
1625 1625
1522 1278
1522 1899
1278 1974
1278 1144
999 1874
403 1144
403 1858
1874 1440
1874 852
585 1874
585 511
1541 1587
1541 1768
1541 1874
411 1874
411 1258
411 1963
411 999
585 1144
1874 1258
1258 536
1258 852
1258 1844
585 1258
852 1144
852 1998
411 1440
411 999
1278 1144
838 1874
1258 21
1580 1144
1580 999
1874 1874
1874 1258
1874 366
999 47
999 1874
999 1258
999 1963
1258 312
1258 1874
585 1894
1369 1144
907 1706
1823 1179
1823 1214
1823 1874
1874 1258
585 1974
1440 335
817 1963
817 1874
817 1258
817 411
817 999
1440 1874
34 1144
34 1258
852 1899
1278 1144
134 1874
1894 1144
1874 1440
1874 999
1440 1552
1874 21
585 1144
1874 1440
1874 1258
999 1278
999 1874
999 1258
1258 1144
403 1144
339 1144
1482 1874
34 1144
1522 737
1522 1144
1522 1198
1482 1
1874 1144
1874 852
746 1768
737 1144
737 1179
737 1652
1258 1899
1440 34
341 1706
1258 42
1670 12
1670 1440
1670 1874
1258 1833
1258 1874
1258 999
1626 1626
898 1205
852 1874
1369 1894
1369 999
1258 1990
1258 1874
1874 585
1440 1670
1440 1258
1999 1
939 1144
939 1198
1963 511
1963 1874
498 1706
1198 1258
1440 1501
1258 1144
1504 1504
1974 1144
403 1144
737 1144
1894 1144
999 1440
852 1144
852 1998
1440 1144
1440 1552
1258 585
1269 1874
1269 999
1278 1894
1278 999
1874 1258
511 1874
511 1440
1198 34
1874 585
1874 999
1258 1874
1258 1833
1258 1440
1258 999
585 1144
689 1706
585 1144
34 1144
34 627
1576 1874
1576 1751
1874 1258
1580 96
1580 1440
1258 833
585 1144
585 1874
1258 1309
1258 1974
1258 999
1258 1587
1258 1768
1258 1874
852 1974
1874 197
1874 412
1874 1874
1369 1899
1369 1998
1580 96
1580 1440
1580 1874
718 1
1998 1144
1998 585
217 1874
217 1258
217 1899
821 1874
1580 1522
1580 1144
1258 1899
1440 1833
288 1477
1894 1258
1894 1899
1501 411
1501 1369
1501 999
1501 1278
1501 1974
1501 2011
1501 1663
1501 585
1501 511
1501 1998
1501 1440
1998 1144
585 1144
1440 21
585 1144
585 1144
585 1198
585 999
1580 1144
1580 1874
1440 1974
1440 21
1258 1309
1258 1974
1258 999
939 1453
939 1144
852 1440
852 1278
852 1501
1258 1874
1258 1963
1258 999
999 536
1440 1580
34 1144
34 852
34 1580
1580 1440
1342 511
999 1874
999 1258
999 1963
1625 1625
1628 1
1258 1874
1522 1144
1522 1194
1522 999
1369 1144
1874 1833
1874 217
1874 1258
1874 1963
1874 999
585 1874
1580 1144
1580 1440
1670 1440
1440 1144
511 1144
1998 1874
1998 1258
1998 1369
1998 999
1369 1369
585 21
585 999
1258 1874
1874 412
1874 1874
217 1974
217 1899
1258 1144
1198 1144
1440 1874
1999 1
1974 1309
1974 1258
1974 999
1833 1440
1874 1899
1198 1144
999 1144
585 1144
740 1706
1874 1258
1874 1963
1894 1899
1894 999
1278 1258
1278 1874
1278 1974
1278 1963
1278 999
1874 1874
1874 1020
1291 1144
1291 1858
1291 403
999 1874
999 1369
999 1998
999 1258
1440 1874
1440 1258
1440 999
1874 1899
1874 511
1874 1576
1874 999
1770 412
1974 1144
1974 1258
895 869
895 869
1287 453
1906 1669
1906 895
793 1889
1798 895
1500 1798
1669 895
1669 1906
1287 895
1906 1287
1906 895
453 1880
793 1889
498 246
1287 453
793 1889
793 1889
1500 1669
1287 895
1500 1798
1798 895
793 1889
869 895
1625 1625
793 1889
793 1889
793 1889
793 1889
895 1876
793 1889
869 895
869 1078
763 374
895 869
1287 895
453 1287
1669 56
793 1889
895 869
793 1889
702 895
702 895
1339 246
793 1889
1994 895
869 895
895 702
997 763
1669 56
793 1889
1906 1669
453 56
895 869
1287 453
1287 453
1798 895
763 895
895 702
1770 1770
702 895
998 453
453 56
793 1889
1287 56
702 895
498 246
895 763
895 702
793 1889
1287 453
453 895
895 1287
793 1889
895 1287
1500 1994
895 1287
869 895
793 1889
1880 624
793 1889
691 56
895 1669
895 1906
895 453
895 702
1994 895
793 1889
895 1287
453 1287
895 453
793 1889
453 1287
702 895
702 453
702 56
1287 895
793 1889
895 869
869 895
1625 1625
1287 869
1287 895
793 1889
869 895
793 1889
498 246
993 869
341 1701
453 1880
1625 1625
341 1701
737 737
927 1701
1625 1625
993 334
993 869
1625 1625
993 869
993 869
993 1551
993 17
498 1701
993 869
1625 1625
1797 1701
1625 1625
1669 56
869 993
993 869
1369 1369
869 993
1797 1701
498 1701
869 993
869 993
1625 1625
1669 56
993 869
869 993
1797 1701
993 155
341 1701
737 737
993 869
993 869
1369 1369
453 56
155 993
869 993
998 453
1625 1625
2027 56
993 869
453 56
993 17
869 993
993 869
453 56
869 993
869 993
1625 1625
993 869
869 993
1797 1701
1287 56
498 1701
869 993
1369 1369
737 737
993 869
993 869
993 869
993 869
869 993
691 56
1625 1625
1625 1625
1880 624
993 1920
1625 1625
1797 1701
702 453
702 56
759 1
1797 1701
869 993
993 155
1625 1625
993 869
993 869
831 415
1880 624
1629 1669
1369 1369
278 898
1572 278
737 737
278 470
278 98
278 898
498 547
702 278
808 761
898 547
761 1838
761 547
761 480
761 808
1618 1159
1618 547
1625 1625
702 453
702 56
453 1880
1625 1625
691 2027
691 1919
691 1495
691 1523
691 1629
691 261
691 1287
691 869
691 278
691 713
1164 278
1625 1625
1625 1625
1625 1625
278 480
278 808
480 808
987 547
1625 1625
1369 1369
98 278
2027 56
278 1669
1441 547
69 278
898 547
1619 1669
1619 2027
1619 1629
1619 155
1619 1277
1619 691
1619 1287
1619 630
1619 869
1619 278
1619 713
998 453
1287 56
671 831
1545 278
1625 1625
363 547
1369 1369
1618 547
1629 278
453 56
898 547
1625 1625
987 547
1625 1625
1441 547
498 547
532 547
278 702
702 278
1629 278
1669 56
278 702
1300 547
882 1377
882 1773
882 1306
882 1159
882 547
737 737
341 547
453 56
498 547
278 1669
331 547
1277 691
453 56
1669 56
278 898
737 737
691 56
1574 278
1339 547
1669 278
702 278
882 1377
882 1773
882 1306
882 1159
882 547
1625 1625
1625 1625
869 1669
869 1277
869 1919
869 2027
869 691
869 443
869 261
869 1287
869 278
869 983
761 1113
761 547
761 1838
761 480
761 808
1625 1625
1839 1120
1839 1576
1839 1510
1839 1878
1839 1874
1839 1830
1839 465
1839 453
1839 1987
1839 1586
1839 1258
1839 539
1839 1669
1839 1962
1839 1792
1839 1052
1839 450
1839 1768
1839 1963
1839 1649
1839 668
1839 1833
1839 479
1981 1669
1839 1669
1839 1586
1669 453
869 1669
869 155
1641 1377
1277 1669
1669 1881
1743 1510
1743 2027
1743 465
1669 383
998 453
1369 1369
702 453
702 56
869 1669
453 1880
1323 1669
1 1669
1 1643
1839 1669
1839 1586
1629 1669
730 1669
1669 155
1669 383
895 1669
737 737
1510 1669
1510 2027
1510 146
363 547
1669 1619
1641 1377
1018 76
2027 1669
2027 1277
2027 691
2027 155
2027 630
1906 1018
1669 453
76 1018
1629 1669
1669 1815
1669 338
1839 1120
1839 1576
1839 203
1839 1510
1839 1874
1839 1830
1839 999
1839 465
1839 1586
1839 1258
1839 539
1839 1410
1839 419
1839 1323
1839 1792
1839 1963
1839 412
1839 1052
1839 1768
1839 1833
1839 511
1839 479
1813 1669
1669 1550
1669 634
691 2027
691 1919
691 1495
691 1523
691 1629
691 261
691 1287
691 869
691 278
691 713
1629 1669
1669 634
1641 1377
1669 486
1369 1369
1641 1377
1669 730
1669 1904
1669 1876
1669 803
1619 1669
1669 1629
803 1669
1669 453
1120 90
1120 1510
1120 1669
1120 1576
1120 479
1641 1377
691 1669
1619 1669
1619 2027
1619 1629
1619 155
1619 1277
1619 691
1619 1287
1619 630
1619 869
1619 278
1619 713
1669 453
1430 1669
1839 1669
1880 624
1192 1669
155 1669
1743 2027
1277 1669
1277 1277
1669 2027
1669 465
2027 56
465 2027
1669 1120
1669 1813
1669 1881
1120 90
1120 1510
1120 1669
1120 1576
1120 479
1629 1669
1669 1839
803 1669
1669 869
1881 1669
1669 1120
1669 1232
1669 730
1669 1310
1222 1377
1018 1669
1018 76
1018 248
1018 1906
1120 1669
1369 1369
1510 146
1120 1669
1669 56
1839 869
1839 1669
1222 1377
453 630
1669 1629
1277 1669
486 1669
1669 1094
453 56
1839 1669
1669 1192
1641 1377
730 568
1669 1310
1669 1510
1669 2027
1669 146
737 737
1669 383
1277 691
1669 1956
1669 1120
453 56
1430 465
1669 1277
1018 1669
1018 1906
730 1669
1669 1629
1669 56
1669 1813
702 1669
453 56
146 1743
2027 1510
2027 146
730 383
1669 1881
1669 1881
1904 1669
1641 1377
1813 1669
702 1669
630 453
1277 1669
1619 1669
1619 1669
1277 1394
730 1669
730 630
453 1669
453 1813
453 713
1120 203
1120 453
1120 465
1120 1770
1120 1586
1120 1792
1669 691
803 1669
1669 1018
1669 1906
998 1669
155 1669
1669 30
1669 630
869 1669
869 1277
869 1919
869 2027
869 691
869 443
869 261
869 1287
869 278
869 983
1669 1287
1669 453
691 1669
1126 1669
1126 1550
1669 1619
1669 1619
1669 1586
383 730
1669 1287
1669 869
279 713
1669 691
1669 1277
383 1669
1669 220
1550 1669
1550 1126
1881 1120
1669 1876
1669 691
1669 1629
730 1669
1669 1881
1669 895
1669 1906
1669 1277
1669 278
1 1669
1 1969
1669 2010
1641 1377
2027 1743
728 1669
1669 1881
1669 1629
1669 383
1173 1881
1277 1669
1669 155
1669 1586
737 737
1510 2027
1510 465
869 1669
1669 728
1906 1669
1906 895
1287 1876
895 869
702 895
1287 1914
1287 1876
1619 1669
1619 2027
1619 1629
1619 155
1619 1277
1619 691
1619 1287
1619 630
1619 869
1619 278
1619 713
895 1669
1658 1876
1880 624
1287 1876
869 895
1906 1287
1906 895
1287 1550
1287 713
1876 1287
1287 1876
1876 1287
630 1550
155 1287
1669 56
1799 1952
1328 1287
1328 713
869 895
1369 1369
895 869
691 56
1550 630
1116 1952
1287 895
1393 1287
1287 453
1175 1876
453 1880
1669 56
1287 1169
713 1287
1876 1952
1287 1393
1876 1287
1957 1952
1669 1287
1287 895
1876 1287
1669 1287
1287 1277
869 895
1287 453
869 1669
869 1277
869 1919
869 2027
869 691
869 443
869 261
869 1287
869 278
869 983
1876 282
1393 1287
1287 1876
1287 1876
1876 1287
1914 1876
155 1287
1287 1876
1216 1952
895 869
1369 1369
1287 1876
593 1952
498 1952
895 869
1287 1393
998 453
1287 453
1876 1287
1738 51
1738 751
1738 1893
1738 2003
1287 1234
453 1287
1277 1287
1287 155
1669 895
1669 1906
1287 895
1287 1669
453 56
1906 1669
1287 869
1876 1952
1914 1287
1287 702
1287 1876
630 1550
1287 1550
702 453
702 56
1 1287
1287 895
453 1287
1175 1876
1175 1601
1175 1952
1876 869
1876 1952
869 895
1287 869
1287 895
1876 1287
869 895
1339 1952
1287 1705
1 1287
869 1876
869 1287
1550 1287
1876 1175
895 1287
1287 1876
869 895
1876 869
630 1287
453 56
702 1287
895 1669
895 1906
498 1952
1876 1175
895 869
1287 1287
498 1952
869 1876
869 1287
1287 155
895 869
453 56
1328 713
1328 453
1738 1876
1705 1287
1175 1876
1277 691
895 1287
1328 713
1328 453
1287 869
1287 1876
1876 1287
453 1287
895 453
1287 56
1669 1876
1876 279
1876 1287
1876 1287
1287 1393
630 1287
895 869
691 2027
691 1919
691 1495
691 1523
691 1629
691 261
691 1287
691 869
691 278
691 713
1287 453
869 1876
895 1287
895 1287
1876 1738
1 1287
895 702
1287 453
1287 453
1287 453
1369 1369
893 1952
1287 1876
702 895
2027 56
453 1287
1 1287
1287 1876
1876 1287
1287 1669
