943 1151
943 217
943 841
943 1998
137 1159
998 1669
1159 702
453 869
1287 453
1328 713
1328 453
869 1669
869 453
1625 1625
1157 1159
459 1159
424 869
424 569
424 453
1618 80
1618 1159
1120 453
1207 1277
841 1587
841 841
841 1110
453 895
1669 453
1669 56
841 1151
841 943
841 217
895 453
895 1956
1550 453
1159 1541
453 1586
1586 1277
1975 1274
1120 453
882 1594
882 1906
882 1306
882 1159
882 1377
1550 630
137 1159
1758 1159
1625 1625
87 1159
453 630
1277 453
1618 1159
1287 453
998 1159
1541 453
1625 1625
987 1159
1159 359
453 895
1586 453
1328 1587
1328 897
1328 1070
1328 358
1328 572
1328 245
1328 1158
1328 453
1328 410
453 1669
1277 476
1277 1550
1277 1748
1277 329
1277 1987
1277 1768
453 702
1159 1076
453 1586
1669 453
1669 1550
1881 1669
1339 453
585 1465
764 1159
1120 1358
1120 798
5 1159
1159 1748
1625 1625
359 799
359 453
453 178
228 1159
1669 1956
1862 453
1037 1694
1037 1159
1037 1377
1369 1369
1896 1277
1669 1881
1159 359
1159 14
1159 1661
1159 329
1159 1874
1159 1987
1159 1586
1159 1768
1550 1277
1550 1748
1550 329
1550 1987
1550 476
1550 1768
1839 1120
1839 1576
1839 434
1839 1874
1839 1241
1839 904
1839 713
1839 1135
1839 999
1839 1278
1839 453
1839 916
1839 867
1839 385
1839 666
1839 1586
1839 1258
1839 1214
1839 1669
1839 965
1839 558
1839 1962
1839 1323
1839 1963
1839 457
1839 155
1839 412
1839 1816
1839 556
1839 1670
1839 574
1839 1845
1839 24
1839 1833
1839 827
1839 869
1839 1440
228 1159
2027 1955
943 1151
943 841
943 1998
1095 1159
2027 1955
397 453
1669 1956
841 1151
293 453
293 1669
293 1813
293 713
453 1669
453 713
453 329
778 1159
882 449
882 1159
882 1377
453 1669
453 1287
841 1473
841 592
1159 1520
453 1669
1522 1151
1522 943
1522 841
1522 1998
1157 1159
1839 1120
1839 978
1839 1576
1839 434
1839 1874
1839 117
1839 1382
1839 1987
1839 1135
1839 999
1839 1019
1839 916
1839 867
1839 2006
1839 1586
1839 1258
1839 1214
1839 1669
1839 965
1839 419
1839 1962
1839 1323
1839 1963
1839 457
1839 155
1839 412
1839 556
1839 558
1839 1277
1839 713
1839 890
1839 574
1839 1845
1839 1833
1839 11
1839 827
1839 869
1839 1440
453 1669
453 1550
882 1377
882 1701
882 1306
882 1159
882 1694
1159 1022
1586 453
1768 1358
1768 798
1216 1159
178 453
137 1159
1159 1277
1216 1159
476 1768
476 1748
476 329
476 1987
476 1550
453 1669
1998 1151
1998 1522
1998 841
1669 1811
1669 1881
453 1669
453 1586
1277 453
1625 1625
1277 869
185 1159
702 453
1669 453
1 453
1669 453
1277 869
1281 453
1881 1669
1277 1896
1758 1159
869 453
1618 1159
1669 453
1669 713
263 1159
1625 1625
1159 1277
1281 453
1159 1277
1619 938
1619 453
1619 1813
1586 453
1 453
841 1151
453 1287
223 1159
369 1277
369 453
1277 1586
841 1473
841 592
2027 453
1998 1151
1998 841
453 1267
882 1594
882 1906
882 1306
882 1159
882 1377
453 329
2027 453
371 453
1192 453
453 895
453 1956
223 1159
453 329
137 1159
1277 205
444 1159
1625 1625
1159 1480
353 453
1618 80
1618 1159
1385 453
1023 453
713 453
1159 1040
1159 1813
1267 453
453 691
1 453
869 453
1277 453
263 1159
1618 1159
1618 1377
1277 453
1159 359
1881 453
209 453
453 1277
785 453
785 449
869 1277
1 453
1618 80
1618 1159
1955 2027
1159 359
1037 80
1037 1444
1037 1195
1037 1306
1037 1377
1037 1159
1037 1981
1192 453
1839 1120
1839 511
1839 1576
1839 203
1839 1510
1839 1323
1839 1830
1839 465
1839 999
1839 1987
1839 1586
1839 1258
1839 539
1839 1669
1839 1792
1839 1080
1839 419
1839 1052
1839 1426
1839 1768
1839 1073
1839 479
1839 1674
1625 1625
1800 1159
1669 56
1308 1159
1220 1220
1246 1159
1385 453
938 453
1586 453
5 1159
87 1159
630 1550
1159 1192
1159 397
1955 2027
1159 1192
1159 630
1076 453
1881 1669
1277 453
841 1151
359 453
359 1192
359 1768
359 476
359 329
359 1987
359 1550
1839 1510
1839 1576
1839 203
1839 1323
1839 704
1839 1830
1839 1833
1839 479
1839 1845
1839 453
1839 465
1839 1586
1839 1258
1839 539
1839 965
1839 1669
1839 1962
1839 1792
1839 1963
1839 419
1839 1663
1839 412
1839 1052
1839 668
1839 1976
1618 1159
453 1287
1541 453
1277 56
1618 1159
1618 1377
1159 1748
869 1277
1655 1159
691 453
1159 1480
1159 1748
1625 1625
5 1159
1159 2027
592 217
453 869
359 799
359 453
620 841
869 453
1896 1277
1768 453
263 1159
1998 1587
1998 841
1998 1110
1220 1220
1955 2027
1287 453
1955 2027
1955 2027
691 453
1022 453
1022 1955
228 1159
1896 1277
1550 1669
1550 453
841 1151
178 453
1012 453
1277 453
1277 369
1277 453
1385 453
1 453
1277 453
1618 1769
1618 1159
1 453
359 453
359 1768
359 476
359 329
359 1987
359 1550
702 453
805 1159
1881 453
1277 292
1277 453
1618 1159
2027 1955
453 895
245 1058
245 410
245 453
245 329
245 1906
245 1587
245 1987
245 1768
359 453
882 449
882 1159
882 1377
1800 1159
1017 1159
453 1267
1287 453
943 1151
943 217
943 841
943 1998
129 1159
882 1594
882 1906
882 1306
882 1159
882 1377
1625 1625
895 453
1625 1625
1159 1277
1159 1195
1277 1896
1669 453
359 453
713 1669
713 453
713 1813
713 293
841 1151
869 453
1998 1151
1998 943
1998 217
1998 841
1800 1159
1328 713
1328 453
841 1151
841 943
841 217
841 1998
129 1159
453 1780
805 1159
453 895
1277 195
1159 2027
1159 1881
1159 147
1037 1195
1037 1159
1037 1377
1159 459
1159 2027
1881 453
943 1151
943 841
217 1151
217 943
217 841
1625 1625
1159 1281
359 453
359 1192
453 938
453 1813
453 1619
1192 453
1522 1151
1522 841
2027 1955
87 1159
1586 1874
1586 1770
1586 1258
1586 350
1586 1426
1586 1768
137 1159
223 1159
1625 1625
1780 453
1813 453
444 1159
1159 1669
1267 453
998 453
999 1465
1277 453
1277 369
2027 1955
178 453
1550 1748
1550 1768
1550 476
1550 329
1550 1987
1369 1369
1906 572
1159 1813
1159 1619
1625 1625
1998 1151
1998 217
1998 841
498 1159
1287 453
998 1377
1 453
444 1159
1267 453
1328 1587
1328 897
1328 1070
1328 358
1328 572
1328 245
1328 1158
1328 453
1328 410
737 737
987 1159
498 1159
1441 1159
1277 1586
592 217
592 841
1277 1270
1323 1841
1369 1120
1369 465
1369 14
1369 1576
1369 203
1369 641
1369 410
1369 794
1369 1874
1369 272
1369 165
1369 1323
1369 585
1369 852
1369 47
1369 120
1369 999
1369 453
1369 1019
1369 1987
1369 1894
1369 1586
1369 1258
1369 1792
1369 1587
1369 1430
1369 1670
1369 980
1369 306
1369 690
1369 1743
1369 329
1369 1963
1369 419
1369 558
1369 412
1369 1501
1369 817
1369 266
1369 1434
1369 217
1369 1467
1369 25
1369 457
1369 1522
1369 890
1369 1241
1369 24
1369 1976
1369 511
1369 1440
1369 1179
1369 1839
1669 1881
1618 1159
1 453
2027 1955
1625 1625
453 1186
453 1550
359 1768
359 476
359 329
359 1987
359 1550
895 453
2027 453
1267 453
895 453
1998 153
1998 1987
1037 1876
1037 1952
1037 1159
1037 1377
1159 1881
329 453
1267 453
217 153
217 1998
217 1987
1881 1669
764 1159
1277 453
1575 453
1287 453
129 1159
486 1966
737 737
1159 1258
1076 453
137 1159
1159 1012
1987 153
2000 1159
1955 2027
1758 1159
691 785
1328 713
1328 453
1159 1881
764 1159
453 713
363 1159
1770 31
137 1159
1277 195
713 453
1550 1748
1550 1768
1550 476
1550 329
1550 1987
178 453
1669 1586
2027 453
1159 359
841 1587
841 683
329 453
511 511
1625 1625
1159 691
702 453
1246 1159
369 453
1274 1975
1625 1625
1618 1159
1618 572
245 1058
245 410
245 453
245 329
245 1906
245 1587
245 1987
245 1768
1277 453
453 869
1619 453
1619 1813
1881 1426
1881 1192
2027 1955
841 1151
223 1159
2027 1955
1625 1625
1277 453
217 1151
217 841
1618 1159
882 449
882 1159
882 1377
1287 895
2027 1955
1384 1159
1263 1159
987 1159
1669 453
453 1586
1281 1159
1567 453
453 1881
943 1151
943 841
737 737
1625 1625
359 453
1669 56
1287 453
1159 1201
869 453
444 1159
1159 1281
943 1151
943 1522
943 841
943 1998
869 453
498 1159
998 1669
137 1159
691 453
1159 178
453 1586
1586 453
895 453
1159 178
1881 1669
1881 453
1274 636
1274 328
1287 453
1955 2027
1625 1625
1159 359
359 453
794 604
1159 178
1159 1120
1987 798
691 453
453 895
1039 1277
1039 1159
1669 1881
1618 1159
882 449
882 1159
882 1377
453 691
453 1287
987 1159
1339 453
1037 1195
1037 1159
1037 1377
1839 1120
1839 1576
1839 203
1839 1510
1839 1874
1839 1830
1839 1878
1839 479
1839 453
1839 465
1839 1586
1839 1258
1839 539
1839 2012
1839 1950
1839 1669
1839 1323
1839 1792
1839 1963
1839 419
1839 412
1839 1052
1839 1768
1839 668
1328 1587
1328 897
1328 1070
1328 358
1328 572
1328 245
1328 1158
1328 453
1328 410
476 1768
476 1748
476 329
476 1987
476 1550
1955 2027
805 1159
1287 453
1669 1881
1159 1277
2027 1955
223 1159
999 1833
999 1874
999 1440
999 1258
1258 1874
1839 511
350 203
703 1874
1625 1625
1706 833
1580 1144
1580 852
1580 1198
1580 1998
1894 1144
1440 1833
350 1874
852 1269
852 536
1998 1899
1998 852
1814 1706
1874 1258
1580 1144
1580 1198
1974 21
1999 1
1258 1874
1278 1144
1839 1120
1839 978
1839 1576
1839 434
1839 1874
1839 117
1839 1382
1839 1987
1839 1135
1839 999
1839 1019
1839 916
1839 867
1839 2006
1839 1586
1839 1258
1839 1214
1839 1669
1839 965
1839 419
1839 1962
1839 1323
1839 1963
1839 457
1839 155
1839 412
1839 556
1839 558
1839 1277
1839 713
1839 890
1839 574
1839 1845
1839 1833
1839 11
1839 827
1839 869
1839 1440
1874 1258
1874 1963
1874 999
1440 21
1258 1440
1580 1580
1580 1144
1580 34
1578 1144
1578 1894
838 1874
403 1144
432 1706
1198 1144
1578 1144
1578 1995
1578 1198
363 1706
1522 1899
1522 1369
1369 217
1369 1899
363 1706
585 1874
1198 1144
1999 1
585 1144
511 21
511 999
1874 1440
1992 1144
1258 203
1258 1874
1258 1987
1258 945
1258 1586
1258 350
1258 345
1258 1768
1198 1144
1625 1625
903 1144
833 1874
1258 1874
1258 1963
1258 411
1258 999
1706 411
1440 1144
403 1144
403 1858
1894 1144
511 1874
1839 1833
1839 535
1839 1727
1839 1874
833 1258
999 34
1604 1874
265 1998
736 999
1269 1998
1874 829
833 1874
999 1144
411 21
1580 1144
1580 1198
1894 1144
1278 1144
1874 1258
1440 1833
1440 1874
1440 1258
1874 1963
411 21
411 999
217 1144
1194 1144
1194 1380
1874 1768
511 1440
1440 1833
1874 1258
585 1874
1874 1833
1874 1751
1912 1505
585 1874
1582 1953
1894 1899
1894 852
1894 1998
1198 1144
1912 350
1494 1874
341 1706
1198 1144
34 1144
1258 1833
1258 1586
1258 1839
1258 1323
1258 1080
1440 1398
1874 511
1628 1
1953 1953
1998 1144
1874 511
1874 1894
1874 1258
1874 1899
411 1874
1974 1144
1974 585
1974 1874
1179 1874
1179 1258
1369 1894
1369 1258
1369 1899
411 1258
1974 21
1974 511
1894 1144
238 1706
1580 1144
1580 1198
1768 852
1974 21
1974 511
740 1706
852 1998
1440 1874
1874 511
1874 1440
1580 1144
1580 34
788 1874
284 1874
511 585
1874 203
1874 1987
1874 945
1874 350
1874 345
1874 1768
1440 1874
1440 1258
1586 1874
1194 1144
1194 34
1504 1504
1440 999
585 1440
585 1580
1974 21
411 1874
585 1144
585 34
585 1198
585 1998
479 1767
479 511
1874 1488
1440 1586
1440 1874
217 1258
217 1899
1839 1767
1839 1680
833 1874
833 1258
350 203
585 1894
403 1144
1198 1144
1578 1144
1578 1198
34 1144
34 1194
34 1580
467 1706
1894 1144
1974 21
1974 1258
585 1874
585 1258
1839 1120
1839 1576
1839 434
1839 1874
1839 1241
1839 904
1839 713
1839 1135
1839 999
1839 1278
1839 453
1839 916
1839 867
1839 385
1839 666
1839 1586
1839 1258
1839 1214
1839 1669
1839 965
1839 558
1839 1962
1839 1323
1839 1963
1839 457
1839 155
1839 412
1839 1816
1839 556
1839 1670
1839 574
1839 1845
1839 24
1839 1833
1839 827
1839 869
1839 1440
1580 1144
1580 34
203 1874
1894 1144
1198 1144
1198 1580
1578 1144
1578 1198
1580 1278
1580 1144
737 1144
737 1179
737 1652
1625 1625
1198 852
252 1
1198 1144
794 1874
794 806
794 999
1874 1767
1874 1963
1894 1144
511 1874
1963 419
1963 120
1369 1144
1580 1144
1580 1894
1998 1874
1998 1258
1706 1963
1582 1953
1833 1586
1505 1912
1258 1874
25 1258
25 1899
1998 1144
252 1
585 1144
1874 1505
1998 1144
1625 1625
1999 1
1963 1874
1198 1144
1440 1874
411 1874
411 1258
411 1963
411 999
1963 1899
1374 1706
420 420
1874 549
511 1258
511 1998
367 1706
252 1
585 1144
1580 1580
511 21
1998 1144
1998 1874
1998 1258
1998 1963
1998 999
829 1874
585 1465
511 1839
852 1998
1625 1625
1198 1144
1505 1912
511 1874
1809 1706
1580 1144
1580 1380
1912 1505
1874 1833
1874 1440
1874 1258
1120 1358
1120 798
1505 1874
999 1963
999 1874
999 1258
999 411
34 1144
1278 1144
585 1144
1258 1874
1440 1144
403 1144
403 1858
1874 1488
1874 203
585 1440
585 1580
1874 412
1874 1768
1874 1258
1874 918
1874 539
1440 1874
1440 852
898 1205
157 1706
1198 1144
1369 1144
1874 1258
1874 1369
585 1144
1874 343
1874 1874
1957 1874
737 1144
737 585
511 1144
511 1258
1258 1899
1522 585
1522 1899
350 1833
1874 1440
1874 999
1580 217
1580 1858
1580 403
1580 1144
1258 1874
1258 1998
939 1144
939 1198
1833 1258
1984 1874
1874 1625
1874 1258
1369 1874
1369 1258
904 1144
229 227
229 1258
585 1144
1440 1833
1874 585
1874 1689
1874 1680
346 1706
1440 1144
1874 1258
1874 1998
1198 1144
1269 536
1963 1767
1963 1680
1258 1858
1258 1144
1258 1194
203 1874
1586 1874
1586 1770
1586 1258
1586 350
1586 1426
1586 1768
585 1144
481 1874
79 1706
1586 350
1874 1767
1894 1899
1894 852
1894 1998
1198 1144
1670 1874
585 1144
1369 1144
1894 1258
1894 1899
1995 1144
1995 1198
838 1874
1874 829
1258 1874
1369 217
1369 1258
1369 1899
1580 1144
1580 1198
1874 12
1874 1440
1258 1874
1874 284
1688 1874
1688 511
852 34
411 1144
1278 1144
1440 1833
1440 1874
1440 1258
1440 999
1618 1674
1618 511
1618 1874
1874 1258
1894 1144
1953 1953
229 1874
1953 1953
1874 1767
658 658
1670 12
1670 1440
1488 1833
1198 1144
1198 1144
465 1874
1258 1899
1912 1874
1912 1383
1912 1258
1912 1987
1912 350
1912 1768
12 1440
1874 411
1582 1953
1998 217
1998 1899
1998 1369
1628 1
1580 1144
1580 1198
1874 350
1874 1586
217 1899
217 1369
1998 1894
1998 1899
1998 852
1501 34
1580 217
1580 1144
737 1144
737 628
737 553
1874 1833
1874 1258
1258 1874
1258 1998
1258 999
1440 1144
1198 1144
511 217
511 1899
511 1369
511 1998
907 1706
999 1144
1369 1899
211 211
1874 1440
1291 1291
1625 1625
1258 1899
833 1874
229 227
1874 1963
1874 1874
1767 1963
1258 1899
1998 1269
1998 536
1998 852
757 1440
1488 1833
1501 339
1628 1
1874 410
1874 1179
1874 465
1440 1625
1912 459
1912 375
1912 15
1912 203
1912 1208
1792 1670
1792 1874
1792 1440
1198 1144
1522 1899
1522 411
1514 1706
1198 1144
1689 1680
1689 204
1689 1706
585 21
585 411
585 999
90 511
90 1369
1844 1144
1844 1894
1844 1198
1380 1144
788 1706
511 1894
511 1874
511 1998
511 2011
1992 1144
1992 1258
511 1510
511 479
1625 1625
737 1144
737 628
737 553
1369 1369
1974 1874
1974 511
1974 1874
1974 1258
1974 1998
1974 999
918 1258
1894 1144
1874 350
1874 345
1768 1358
1768 798
1258 1144
1258 511
1258 939
1578 1144
1578 1198
1833 350
963 511
1963 1874
1963 1258
1963 999
740 1706
1198 1144
1874 1494
272 272
229 227
1992 1144
1992 1198
1580 1522
1580 1144
658 1874
1278 1144
1874 1833
1874 1258
1258 203
1258 1874
1258 1987
1258 412
1258 1586
1258 350
1258 1768
1833 1488
511 1833
511 1874
511 1258
1625 1625
217 1258
217 1899
1998 1894
1998 965
1998 1899
1998 1258
275 275
32 1706
1198 1144
918 1768
918 412
918 1874
918 539
1258 1833
1890 1706
1453 1144
1258 1874
1580 1144
1580 1198
1974 1874
1974 1258
1974 1998
1974 999
585 1144
1586 1680
511 1874
1494 1706
1874 585
1874 1440
511 21
1580 1144
1580 403
852 1899
1894 1144
1323 90
1323 1669
1323 1510
1323 1874
1323 465
1323 1792
1323 316
411 1144
1198 1144
1984 1874
999 1874
1911 1706
1440 1833
1440 1874
1440 1258
1833 1440
1580 1144
1580 1998
339 1144
1278 1144
511 1874
1578 1144
1578 1198
1194 1144
1278 1144
1833 1874
1844 1144
1844 1198
1278 1144
1894 1144
1995 1144
1440 511
1440 1874
1522 1899
1522 1369
585 1874
1998 1144
1369 1120
1369 465
1369 14
1369 1576
1369 203
1369 641
1369 410
1369 794
1369 1874
1369 272
1369 165
1369 1323
1369 585
1369 852
1369 47
1369 120
1369 999
1369 453
1369 1019
1369 1987
1369 1894
1369 1586
1369 1258
1369 1792
1369 1587
1369 1430
1369 1670
1369 980
1369 306
1369 690
1369 1743
1369 329
1369 1963
1369 419
1369 558
1369 412
1369 1501
1369 817
1369 266
1369 1434
1369 217
1369 1467
1369 25
1369 457
1369 1522
1369 890
1369 1241
1369 24
1369 1976
1369 511
1369 1440
1369 1179
1369 1839
1586 1258
1440 21
1440 1874
907 1706
1874 362
1874 412
1874 829
203 1874
1440 1833
1440 1874
1440 1258
1582 1953
252 1
1440 1833
1440 1874
1440 1258
1833 1324
1179 1874
1179 1258
1953 1953
939 1144
939 511
939 1258
1198 1144
585 1144
1833 1323
1833 1874
1833 1586
1833 1258
1833 1839
1874 1988
1720 1706
341 1706
1578 1144
1578 585
1582 1953
585 1144
585 1580
350 1874
1874 1494
1258 1586
1258 1874
1258 1963
1874 788
1258 1144
1258 1144
272 1144
1198 1144
1839 1833
1839 1874
1839 1586
1839 1258
1839 1323
1874 411
585 1144
1792 1767
1258 1874
1870 1870
151 795
151 93
151 1751
151 1874
1258 1899
1488 1874
1488 1061
1488 203
1278 21
1278 511
1874 1488
1894 585
1032 1032
1278 21
1278 511
1021 1021
1833 1874
1833 104
1833 1440
1833 1258
275 275
718 1
1258 350
1258 1833
1258 1874
585 1144
1369 21
1440 12
1874 1440
585 1144
1198 1144
1839 1120
1839 1576
1839 203
1839 1510
1839 1874
1839 1830
1839 1878
1839 479
1839 453
1839 465
1839 1586
1839 1258
1839 539
1839 2012
1839 1950
1839 1669
1839 1323
1839 1792
1839 1963
1839 419
1839 412
1839 1052
1839 1768
1839 668
1258 1874
1258 999
1258 1440
1258 1833
1278 1144
1278 1144
34 1144
34 1580
1198 1144
346 1706
1198 1144
1502 1706
585 1899
511 1894
511 1974
511 1899
829 1874
1440 12
1258 1144
1369 1144
217 1258
217 1899
1987 798
34 1144
1998 1144
1623 1706
1998 1874
1998 511
1998 25
1998 1369
1874 1347
794 604
1369 1522
1369 585
1369 1899
1833 1440
1198 1144
1809 1706
1198 1144
999 1874
511 1767
511 479
341 1706
585 1144
1440 1874
852 1144
1998 1144
1998 1198
1258 1833
999 1874
999 1258
1374 1706
585 1874
585 1258
829 1874
1440 1874
1998 1144
1998 1198
1998 852
1998 1580
12 1874
1580 1144
1580 1998
1258 93
1258 1874
1258 151
1258 1751
341 1706
1440 1874
229 1874
1625 1625
1198 1144
1198 1144
1998 265
1998 1874
1369 1144
252 1
1874 265
1874 1998
1957 1874
1874 481
1440 21
1874 1258
1440 1833
1894 1144
852 1874
852 1987
852 419
852 1792
852 1768
852 817
1440 1874
1992 1144
1992 1194
936 1706
1874 817
1625 1625
1998 1144
1440 21
1369 47
1369 1974
1369 1874
1369 668
1369 585
1369 1963
1369 411
1369 1549
1369 1440
1578 1144
1578 1198
1440 1144
1440 511
1494 1874
350 1874
1258 1899
1874 829
1198 1144
1998 1874
1369 217
1369 1899
585 1899
1894 1258
1894 1899
1198 1144
1258 1874
1992 1144
1992 1198
1874 1258
903 1144
1440 511
511 1874
585 1144
1874 1833
1874 1258
1874 1998
217 1258
217 1899
1998 1874
1998 1258
1998 1963
1998 999
1874 1258
1874 1688
585 1874
585 1258
1258 1179
1258 1874
1580 1144
1580 1194
1580 34
34 1144
1680 1689
1680 585
1680 1874
1844 1144
1844 1198
806 1874
806 1963
1998 1269
1998 1501
339 1144
1258 1144
1258 511
1258 939
419 1874
419 1987
419 852
419 1792
419 1768
419 817
12 1670
12 1874
12 1440
12 1792
1992 1144
1992 585
1953 1953
549 1874
1440 12
1278 1144
511 1309
1440 1874
25 1899
25 1998
585 1689
411 1874
1974 21
1998 1144
1998 34
1998 1198
1258 1440
1768 1874
38 12
38 1440
999 1269
999 1501
999 1998
1963 1874
1440 585
1580 1144
1580 403
1440 757
511 1874
1874 188
1874 1874
1628 1
1428 1874
585 1874
757 1874
852 1899
1833 1440
1833 1874
1833 1258
1198 1144
1833 1440
1833 1874
1833 1258
1874 1911
1874 896
1874 1874
1792 1510
1792 511
1792 479
1626 1626
852 1874
852 1258
252 1
1625 1625
217 1899
217 1963
1688 1874
1440 1144
1625 1833
1625 1874
1625 1440
1625 1258
1874 229
1258 1874
1874 1963
1874 1258
1874 1998
1874 999
1440 1874
599 599
1874 658
999 1440
1874 833
1580 1144
1580 1194
1580 1380
511 1688
511 1080
1953 1953
1625 1625
1198 1144
1625 1874
1625 1258
1258 1440
1874 1179
1874 1258
1278 1144
1198 1144
939 1144
939 511
939 1258
1194 1144
1194 34
1258 1874
1258 511
363 1874
363 511
498 1706
638 1706
363 1706
1440 1874
1198 1144
1974 21
1974 511
34 1144
217 1144
217 1858
217 403
1258 833
1998 1144
852 1144
852 1198
1258 411
1874 999
1874 1974
1874 1998
1874 1258
1625 1625
1874 1258
1874 999
852 1874
852 1987
852 419
852 1792
852 1768
852 817
1974 429
1974 999
13 1874
403 1144
1998 1144
1278 1144
229 1874
454 1706
1874 1984
1198 1144
350 1586
350 1874
852 34
852 1974
852 1899
1874 284
229 1874
1894 1144
1894 1198
1894 1844
1874 1144
1874 585
34 1144
1312 1874
1998 852
1488 1874
1488 203
1440 1580
1874 21
1874 1369
877 1706
585 1144
1369 1874
1586 1767
1998 1899
1998 1258
1998 25
1953 1953
1258 1369
1874 21
1874 411
1198 1144
1974 21
1974 511
1974 1899
229 1874
1874 1494
999 1465
689 1706
999 794
999 806
999 1080
1258 1833
1833 1440
1874 12
1874 1440
1998 1899
1998 25
1258 1899
1258 350
1874 1963
1874 1258
1874 1998
1874 999
511 999
511 1874
511 1258
511 852
511 1998
1874 1258
1874 1899
1874 1440
1874 1258
1874 1587
90 511
90 1369
999 1874
1874 1440
1874 1258
1963 1833
1963 1874
1963 1258
1963 999
1440 1144
1998 1874
517 517
1198 1144
1198 34
1198 1580
350 1706
1984 1874
1198 1144
346 1706
1874 465
1347 1874
34 1144
1844 1144
1844 1998
481 1706
1874 1833
1874 1440
1874 1258
1625 1625
1580 1144
1580 1198
1580 1440
34 1144
1809 1706
1894 1899
1894 852
1894 1998
1874 229
1874 1258
1269 1998
1874 511
1874 25
1198 1144
1833 1874
1874 833
1874 585
1874 1440
1440 1833
585 1453
585 1144
350 203
1194 1144
1194 1858
252 1
1258 1998
511 25
1440 999
1874 511
585 1144
1258 1874
511 1767
511 479
511 1899
511 1258
511 25
367 1706
1874 1258
1874 1963
1953 1953
1894 1144
25 265
25 1998
622 622
1674 1770
1674 521
1674 1501
1505 1874
1894 1144
599 599
1874 229
1953 1953
272 272
1874 511
1874 703
203 350
350 1258
1278 1144
817 1874
1198 1144
1906 1874
1198 1144
1625 1625
367 1706
1258 1874
1874 1680
1874 585
1874 1689
34 1144
1258 1874
1278 1144
1894 1144
339 1144
585 12
585 1440
585 1670
1198 1578
1198 1144
999 1144
211 211
585 1144
511 526
511 829
1767 1874
1198 1144
1440 1833
1440 1874
1440 1258
1194 1144
1194 1858
217 1899
217 1369
411 1874
411 1258
411 1963
411 999
1874 13
999 21
1874 1604
1625 1874
1625 1258
34 1144
34 1580
1179 410
1179 1874
1179 465
1258 203
1258 1874
1258 1833
1258 1586
1258 350
1258 1768
1514 1706
1998 34
1998 1899
1998 852
1998 1974
1874 1258
1874 1998
1440 1144
1580 1144
1580 585
1580 34
1580 1198
1580 1998
1258 203
1258 1874
1258 1987
1258 1833
1258 1586
1258 350
1874 1258
25 1258
25 1899
1369 1144
1440 1833
498 1706
1932 1874
1670 1874
1998 1144
1258 350
1258 1833
1833 1874
1833 1440
1833 1258
1278 1144
403 1144
1625 1625
1894 1144
1580 1278
1580 1144
465 1874
34 1144
599 599
1194 1144
1440 1833
1440 1874
1440 1258
453 14
453 1550
453 329
453 1874
453 1987
453 1586
453 1768
411 1278
411 1144
1198 403
1198 1258
1440 1874
1580 1144
1580 1894
999 1278
1580 1144
1580 1198
1839 1510
1839 1576
1839 1369
1839 1874
1839 1241
1839 904
1839 1767
1839 585
1839 465
1839 1878
1839 479
1839 1510
1839 999
1839 2001
1839 1987
1839 12
1839 1586
1839 1258
1839 1792
1839 827
1839 1670
1839 1718
1839 1669
1839 1751
1839 119
1839 980
1839 1323
1839 1963
1839 1629
1839 419
1839 155
1839 266
1839 1430
1839 457
1839 690
1839 574
1839 1833
1839 1191
1839 511
1839 1440
1578 1144
1578 1198
1992 1144
1992 1198
1894 1144
1874 1833
1874 1440
1953 1953
1258 1998
1999 1
1278 21
1278 511
1440 1874
25 1899
1833 1874
1833 1440
1833 1258
1874 1586
1874 1258
412 1874
539 829
539 1874
539 1563
539 1258
539 1768
539 918
737 1144
1833 1440
341 1706
1874 21
1874 511
1874 1369
1744 1874
1198 1144
1874 1258
1504 1504
1839 1510
1839 1576
1839 1369
1839 1874
1839 1241
1839 904
1839 1767
1839 585
1839 465
1839 1878
1839 479
1839 1510
1839 999
1839 2001
1839 1987
1839 12
1839 1586
1839 1258
1839 1792
1839 827
1839 1670
1839 1718
1839 1669
1839 1751
1839 119
1839 980
1839 1323
1839 1963
1839 1629
1839 419
1839 155
1839 266
1839 1430
1839 457
1839 690
1839 574
1839 1191
1839 511
1839 1440
511 1874
511 1974
511 1874
1198 1144
1874 1440
1998 1144
1998 34
252 1
34 1144
350 1768
350 1912
350 1874
350 203
1580 1144
1580 1440
852 1269
852 536
1767 1874
511 21
1874 511
12 1440
12 999
1728 1706
456 1706
1580 1144
1580 1369
1258 585
1258 1874
363 1706
1198 1144
1369 21
511 1874
511 1974
403 1144
403 34
403 1580
1844 1144
1844 403
1278 1144
1874 1258
1998 1587
1998 841
1998 1874
1770 1874
511 1894
511 1874
511 1998
511 2011
1580 1144
1580 1194
1258 1874
1874 703
1874 1440
1874 1258
217 1258
217 1899
260 701
999 21
1580 1144
1580 1858
1580 403
1688 1874
1369 1144
1953 1953
1874 1833
1874 1586
1369 1369
1874 1911
511 1874
25 1258
25 1899
1706 458
1874 229
1974 1278
1874 1144
1874 585
1278 21
1198 1144
1998 1899
1194 1144
511 1874
1198 1144
1198 1144
585 1144
411 21
1198 1144
1874 999
13 1874
1258 1874
1874 229
284 1874
1578 1144
1578 1369
1767 1874
1369 1899
1440 1874
151 1751
1440 1833
1974 21
217 1899
217 1369
217 1998
1764 1764
1963 1874
1998 34
1998 1899
1998 25
1618 511
1618 1874
1625 1625
1194 1144
1258 1144
1440 1144
1581 1706
1581 1258
1912 1505
1278 1144
585 1844
1953 1953
1258 403
1626 1626
1258 1874
1894 1874
1894 2011
1894 511
1894 1998
1844 1453
1844 1144
1844 585
1258 1899
1258 25
411 21
1347 1874
1440 1258
1874 217
1874 1899
1874 1963
1198 1144
203 350
1953 1953
1522 1144
411 1899
511 1688
511 1080
852 1144
852 1198
852 1580
511 1874
511 1258
1258 1833
1440 1874
1505 1912
833 1874
833 1258
411 1278
411 21
411 511
1874 1911
1998 1258
1998 1899
1894 1144
1874 833
999 1874
1894 1144
1894 1198
585 1144
1369 1874
34 1974
34 1899
1874 1833
1874 1440
1767 511
1258 21
1833 1488
1874 12
585 1874
1198 1144
1894 1258
1894 1899
498 1706
1974 1874
1974 511
1258 1899
1181 1706
1974 1144
1953 1953
1628 1
1998 1894
1998 1874
1998 1258
1998 1899
1767 1680
1844 1144
1844 1198
511 1440
1258 1899
511 511
852 1899
852 1874
852 96
852 1894
852 511
852 1258
852 1998
1706 229
403 1144
1369 1874
1953 1953
1833 350
1894 1144
1415 1415
1770 31
217 511
217 1258
217 1899
1586 1833
806 794
806 1874
806 999
1369 1899
1833 1874
1833 1440
1833 1258
1505 1912
585 1144
1894 1144
1580 1144
1580 585
1440 1144
1998 828
1998 1899
1998 96
1998 1663
1998 1894
1998 1258
1998 965
272 272
339 1144
1440 1874
341 1706
1874 1906
740 1706
1198 1144
272 1144
1874 21
1874 1974
1874 1440
1874 999
511 1874
838 1874
1874 833
907 1706
1198 1144
833 1874
511 1874
1874 1144
1874 585
1874 1974
1839 1510
1839 1576
1839 203
1839 1323
1839 704
1839 1830
1839 1833
1839 479
1839 1845
1839 453
1839 465
1839 1586
1839 1258
1839 539
1839 965
1839 1669
1839 1962
1839 1792
1839 1963
1839 419
1839 1663
1839 412
1839 1052
1839 668
1839 1976
1874 1218
1874 1440
411 21
1833 1324
511 1874
1258 1874
1258 1963
1258 999
1374 1706
1874 1587
1767 1586
1874 350
718 1
1580 1144
1580 403
1580 1144
1580 34
1874 411
511 1833
511 1874
511 1440
1278 1144
272 1144
1680 1492
1680 1874
1680 1963
1680 1685
1680 1792
1874 1258
1874 1963
1874 999
265 1998
1874 1998
1580 1144
1580 34
1580 1198
1906 1874
1580 1899
1580 1874
1580 96
1580 1894
1580 511
1580 1258
1580 1998
1580 852
1625 1625
1198 1144
585 1144
585 34
585 1198
585 1998
999 585
852 96
852 1080
852 1899
852 511
852 1894
852 1998
1625 1625
1874 1440
1194 1144
1194 1858
1194 1258
1194 1580
1580 1144
1580 1198
903 1144
939 1144
939 1198
411 21
34 1144
34 1198
34 1998
1894 1974
1894 1899
1988 1874
486 1966
1974 21
1974 1874
999 429
1953 1953
1586 1874
1999 1
1580 1144
1580 1198
203 1874
1706 511
1874 757
1874 1440
1258 1899
939 1144
939 511
939 1258
1258 350
1706 375
1580 1858
1580 1144
1580 1194
1580 1258
879 1706
794 1963
794 999
1369 1874
211 211
1874 1767
1874 1586
1278 585
829 1874
1380 1144
1580 1144
1580 852
1580 1198
1580 1998
1440 1833
1998 1144
1998 1899
1440 1874
34 1144
1839 1120
1839 511
1839 1576
1839 203
1839 1510
1839 1323
1839 1830
1839 465
1839 999
1839 1987
1839 1586
1839 1258
1839 539
1839 1669
1839 1792
1839 1080
1839 419
1839 1052
1839 1426
1839 1768
1839 1073
1839 479
1839 1674
1258 829
1258 1874
1258 412
1258 539
1258 1768
1258 918
1874 1440
1198 1144
1440 1833
1440 1874
1440 1258
1198 1144
1440 1144
1618 1674
1618 511
1618 1874
1932 1874
939 1144
939 511
939 1258
1706 1061
1874 465
1839 1833
1839 535
1839 1727
1839 1874
1874 585
1874 1689
1953 1953
1833 1586
1833 203
1874 1874
1874 1090
1440 1144
1258 1833
1258 1874
1258 1586
1258 210
1258 1323
1998 1899
1998 25
1198 1144
1198 34
1582 1953
1874 1440
1625 1625
1258 1899
511 217
511 1258
511 1899
1618 511
1618 1874
1369 511
1369 1874
1369 25
999 1874
1874 1258
38 1440
1974 21
1932 1874
1874 1874
1874 1286
1589 246
793 1889
793 1889
793 1889
895 956
1500 453
793 1889
1798 895
812 812
1500 1277
793 1889
793 1889
1287 453
793 1889
793 1889
453 895
793 1889
2 895
107 895
895 2
793 1889
1287 895
793 1889
793 1889
1500 1952
793 1889
1287 453
895 1876
1192 895
498 246
453 895
1277 895
895 1748
1277 895
793 1889
1192 895
793 1889
793 1889
895 359
793 1889
793 1889
793 1889
793 1889
793 1889
2027 895
1500 1277
793 1889
793 1889
895 1906
1287 453
702 895
702 1287
1192 895
895 453
793 1889
793 1889
1500 453
1906 572
2027 895
2027 895
793 1889
895 1287
793 1889
793 1889
793 1889
793 1889
453 895
1192 895
2027 895
1287 895
895 2
895 453
1277 895
90 90
895 2027
1287 453
793 1889
453 691
453 1287
793 1889
359 895
359 1192
895 1192
1287 895
1589 246
793 1889
793 1889
1500 1277
793 1889
651 246
793 1889
1500 1798
1669 56
956 895
453 1669
793 1889
453 895
1277 895
498 246
895 1287
1500 1277
1287 453
793 1889
895 1906
793 1889
793 1889
793 1889
895 1192
1669 56
1500 453
1500 1956
1287 453
1287 895
453 895
1500 702
1500 1287
793 1889
1669 453
353 246
793 1889
1669 895
895 2027
1906 895
895 1192
793 1889
895 1192
895 1287
453 1669
453 1287
793 1889
793 1889
793 1889
1906 1500
793 1889
793 1889
1339 246
956 895
1339 246
793 1889
1287 224
793 1889
812 812
1906 895
1906 895
453 895
453 1956
453 1287
895 1906
793 1889
793 1889
998 453
1277 56
1906 895
1287 702
1287 895
793 1889
793 1889
895 1906
793 1889
1669 56
793 1889
793 1889
793 1889
793 1889
869 993
993 869
1625 1625
993 155
993 869
1797 1701
993 1413
1797 1701
993 869
869 993
1625 1625
1625 1625
993 869
869 993
869 993
993 869
993 122
993 1857
1413 993
869 993
1625 1625
869 993
122 1857
993 1388
1120 1358
1120 798
155 993
737 737
1625 1625
993 155
882 1377
882 1701
882 1306
882 1159
882 1694
1625 1625
1369 1369
1625 1625
993 122
1797 1701
1882 993
486 1966
1625 1625
737 737
869 993
1797 1701
993 1617
1768 1358
1768 798
993 1413
341 1701
1797 1701
511 511
869 993
993 869
993 869
1625 1625
1797 1701
1987 798
122 993
1625 1625
993 869
993 1551
993 869
993 1388
869 993
993 155
498 1701
341 1701
1625 1625
993 869
1625 1625
993 1413
331 1701
1669 56
737 737
993 150
993 307
341 1701
341 1701
1625 1625
993 869
1413 993
1669 56
78 1701
869 993
993 869
869 993
1625 1625
1625 1625
993 869
993 869
1857 993
993 1857
993 122
993 869
993 869
1625 1625
1551 993
869 155
869 993
993 869
993 869
1931 1701
993 1413
993 1072
1625 1625
1369 1369
432 993
1797 1701
993 869
1625 1625
498 1701
1625 1625
993 869
993 869
993 869
869 155
869 993
341 1701
341 1701
869 993
993 1551
993 869
869 993
993 1722
993 1857
869 993
993 869
1413 993
869 993
155 993
1797 1701
869 155
869 993
993 869
993 869
1669 56
1625 1625
1884 1701
993 869
1625 1625
1277 56
498 1701
993 869
993 155
341 1701
869 993
618 1701
1388 993
1625 1625
1625 1625
1799 547
1120 1358
1120 798
1625 1625
1277 56
573 278
1625 1625
1669 56
353 547
1625 1625
1768 1358
1768 798
498 547
1987 798
1625 1625
1625 1625
341 547
737 737
1669 56
1669 56
1625 1625
1339 547
818 278
1625 1625
987 547
1 278
987 547
1339 547
1369 1369
1625 1625
1625 1625
511 511
1418 547
278 162
486 1966
737 737
1164 278
831 415
987 547
341 547
1441 547
1839 1510
1839 1576
1839 1369
1839 1874
1839 1241
1839 904
1839 1767
1839 585
1839 465
1839 1878
1839 479
1839 1510
1839 999
1839 2001
1839 1987
1839 12
1839 1586
1839 1258
1839 1792
1839 827
1839 1670
1839 1718
1839 1669
1839 1751
1839 119
1839 980
1839 1323
1839 1963
1839 1629
1839 419
1839 155
1839 266
1839 1430
1839 457
1839 690
1839 574
1839 1191
1839 511
1839 1440
1625 1625
498 547
1625 1625
1625 1625
1625 1625
406 278
1625 1625
1164 278
1625 1625
987 547
415 671
415 831
987 547
1839 1510
1839 1576
1839 1369
1839 1874
1839 1241
1839 904
1839 1767
1839 585
1839 465
1839 1878
1839 479
1839 1510
1839 999
1839 2001
1839 1987
1839 12
1839 1586
1839 1258
1839 1792
1839 827
1839 1670
1839 1718
1839 1669
1839 1751
1839 119
1839 980
1839 1323
1839 1963
1839 1629
1839 419
1839 155
1839 266
1839 1430
1839 457
1839 690
1839 574
1839 1833
1839 1191
1839 511
1839 1440
1164 278
498 547
1625 1625
341 547
737 737
1117 278
1625 1625
1369 1369
1625 1625
1625 1625
730 1669
1669 1619
1963 869
1963 1669
1963 1586
1963 1576
1963 1833
869 1586
1669 2027
363 80
1669 56
1674 1669
1669 704
1669 1881
1906 1669
1323 90
1323 1669
1323 1510
1323 1874
1323 465
1323 1792
1323 316
1554 1669
1669 1881
730 1669
1669 1305
1669 1277
630 1550
1669 730
1669 1287
1669 1906
1669 2027
730 1669
730 1669
1669 1287
1277 1305
1669 1906
1839 1669
1839 1586
1669 730
1669 1576
453 895
1669 869
1669 155
1669 155
1669 730
1669 691
1277 56
1906 1669
1669 155
1510 2027
1510 146
1510 2027
1510 146
1277 1669
1277 2027
363 1377
1669 278
1669 1368
1839 1629
1287 453
998 1669
702 1669
1669 2010
1669 1881
1618 1159
1618 1377
1018 1669
869 1669
869 1839
1669 2027
1669 465
1 1669
1 644
1669 453
1669 713
1669 155
1669 1287
1881 1669
869 1586
250 713
1576 869
730 507
1586 1576
1881 1669
1839 155
453 1669
1813 1669
730 1669
1629 1839
1586 869
1586 1669
1669 730
1906 1669
1669 1881
1120 1576
1120 1669
1120 385
1120 479
1669 1881
1669 1839
1669 1881
410 1669
1669 476
1669 855
1669 730
1398 1669
1398 1398
1669 1669
1669 1356
1669 702
363 80
1669 1956
363 80
1641 1377
1669 635
730 1669
702 1669
1669 730
1510 1669
1669 1881
1768 1358
1768 798
1669 207
1669 1669
1669 2027
1669 1586
250 713
1287 1669
410 1669
1839 1120
1839 1576
1839 434
1839 1874
1839 1241
1839 904
1839 713
1839 1135
1839 999
1839 1278
1839 453
1839 916
1839 867
1839 385
1839 666
1839 1586
1839 1258
1839 1214
1839 1669
1839 965
1839 558
1839 1962
1839 1323
1839 1963
1839 457
1839 155
1839 412
1839 1816
1839 556
1839 1670
1839 574
1839 1845
1839 24
1839 1833
1839 827
1839 869
1839 1440
1518 1377
1619 1669
1669 1906
155 1669
1669 1576
1906 1669
1669 1956
1881 1669
1550 1669
1987 1878
1669 634
293 453
293 1669
293 1813
293 713
1669 410
1120 1358
1120 798
1839 1120
1839 978
1839 1576
1839 434
1839 1874
1839 117
1839 1382
1839 1987
1839 1135
1839 999
1839 1019
1839 916
1839 867
1839 2006
1839 1586
1839 1258
1839 1214
1839 1669
1839 965
1839 419
1839 1962
1839 1323
1839 1963
1839 457
1839 155
1839 412
1839 556
1839 558
1839 1277
1839 713
1839 890
1839 574
1839 1845
1839 1833
1839 11
1839 827
1839 869
1839 1440
730 1669
1287 1669
1287 1669
1669 1018
1510 2027
1669 1811
1669 1881
1222 1377
453 1186
453 1550
895 453
363 80
1669 1906
1586 869
1586 1669
1586 1963
1669 841
1669 1906
1669 1881
1669 730
453 691
453 1287
869 1669
869 453
1881 1669
1669 1576
1839 1120
1839 1576
1839 203
1839 1510
1839 1874
1839 1830
1839 1878
1839 479
1839 453
1839 465
1839 1586
1839 1258
1839 539
1839 2012
1839 1950
1839 1669
1839 1323
1839 1792
1839 1963
1839 419
1839 412
1839 1052
1839 1768
1839 668
1669 1619
1669 730
1287 1669
1669 56
1669 453
1586 869
1586 869
465 2027
1618 1377
1987 798
1586 869
1586 1669
1586 1963
1586 1833
2010 1669
363 80
1586 453
453 1586
1839 1669
1839 1586
895 453
1550 630
1669 1550
2027 1510
737 737
1586 1669
1586 385
1586 479
1669 56
1669 453
1669 1550
869 1586
1881 1669
1669 1669
1669 1279
1287 895
453 1586
1669 1619
1881 1120
1669 383
1369 1369
1881 1669
1881 453
1669 1881
1586 869
1669 1906
1669 898
1641 1377
898 1377
1669 383
730 1669
1669 453
1669 730
453 1586
869 1669
869 1576
1669 730
1669 1674
1669 155
1669 2027
730 1669
1550 1669
1669 1881
1669 1554
1669 702
453 895
1287 1669
453 1669
730 1669
1669 410
1669 1876
1669 1277
1287 1669
1882 1669
1839 1669
1586 869
1881 1669
1881 1669
1906 1669
1839 1510
1839 1576
1839 1369
1839 1874
1839 1241
1839 904
1839 1767
1839 585
1839 465
1839 1878
1839 479
1839 1510
1839 999
1839 2001
1839 1987
1839 12
1839 1586
1839 1258
1839 1792
1839 827
1839 1670
1839 1718
1839 1669
1839 1751
1839 119
1839 980
1839 1323
1839 1963
1839 1629
1839 419
1839 155
1839 266
1839 1430
1839 457
1839 690
1839 574
1839 1191
1839 511
1839 1440
479 1510
479 585
479 558
479 599
479 272
479 1523
479 90
479 1987
479 1878
479 713
479 465
479 556
479 1670
479 210
479 165
479 690
479 266
479 1430
479 1731
479 1241
479 511
479 1674
1586 869
1669 1881
1669 1669
1669 89
1669 1586
1669 476
1 1669
1 1431
1669 383
1669 1323
1669 1881
2027 1669
453 1669
453 1586
1669 1349
1669 730
1878 1669
1878 1674
1878 1987
1906 1669
1669 453
1881 1669
1669 453
1669 1881
1669 1586
486 1966
737 737
1510 1669
1906 1669
1981 1669
453 1669
1669 1669
1669 1498
1669 1813
1669 691
1669 1287
1512 1669
453 1669
1669 730
1669 2010
453 1669
453 1550
1586 453
1669 1287
1576 1669
453 1669
453 713
1669 1586
1669 1287
453 1669
453 1287
511 511
702 1669
1669 730
1669 1510
1669 730
702 1669
1669 1629
1669 895
1881 1669
1669 1906
1619 1669
1287 1669
1669 1619
1586 869
1512 1669
1669 1881
1576 869
1576 1669
1576 1586
1576 1963
1576 1833
1576 1669
1669 702
1277 453
1669 691
155 1839
1 1669
1 644
1 1669
1 1643
1641 1377
869 1669
869 1586
841 1148
1669 634
1878 1669
702 1669
869 1586
898 1377
1839 1669
730 1669
1669 702
869 1963
1277 1906
1576 869
1576 1669
1576 1586
1576 1963
1576 1833
737 737
2027 1510
410 1669
1349 1669
1586 453
1669 1881
1669 1881
1669 730
1669 1368
1981 1669
1669 634
1743 1669
1743 2027
1743 465
1669 1576
1550 1669
1550 453
898 1377
1576 1669
1669 2010
1586 869
1669 635
1839 1510
1839 1576
1839 203
1839 1323
1839 704
1839 1830
1839 1833
1839 479
1839 1845
1839 453
1839 465
1839 1586
1839 1258
1839 539
1839 965
1839 1669
1839 1962
1839 1792
1839 1963
1839 419
1839 1663
1839 412
1839 1052
1839 668
1839 1976
1 1669
1 1969
1963 869
1963 1669
1963 1586
1963 1576
1963 1833
1839 1510
1839 1576
1839 1369
1839 1874
1839 1241
1839 904
1839 1767
1839 585
1839 465
1839 1878
1839 479
1839 1510
1839 999
1839 2001
1839 1987
1839 12
1839 1586
1839 1258
1839 1792
1839 827
1839 1670
1839 1718
1839 1669
1839 1751
1839 119
1839 980
1839 1323
1839 1963
1839 1629
1839 419
1839 155
1839 266
1839 1430
1839 457
1839 690
1839 574
1839 1833
1839 1191
1839 511
1839 1440
1669 1813
869 1586
869 1839
1669 1881
1669 2010
1906 1669
998 1669
1669 730
1876 1669
728 1669
869 1669
1510 1669
1510 2027
1369 1369
730 1991
1669 702
730 1669
1669 1672
1669 730
730 1669
1669 1287
1839 1669
1839 1669
730 1669
1586 453
1881 1669
1839 1120
1839 511
1839 1576
1839 203
1839 1510
1839 1323
1839 1830
1839 465
1839 999
1839 1987
1839 1586
1839 1258
1839 539
1839 1669
1839 1792
1839 1080
1839 419
1839 1052
1839 1426
1839 1768
1839 1073
1839 479
1839 1674
1669 1878
1669 1881
1669 730
1669 453
383 1669
1669 898
713 1669
713 453
713 1813
713 293
465 1743
1550 1277
1550 453
895 1287
1393 1287
1287 1287
1876 1287
1287 453
989 1287
895 1287
869 1287
498 1952
1328 713
1328 453
1287 1393
453 895
155 1287
1369 1369
155 1287
1287 453
1435 1287
1287 1876
498 1952
691 1287
1287 691
1669 1287
1287 691
1876 1952
2009 1952
895 453
511 511
1287 1393
1669 1287
1287 1272
1287 989
1876 1952
1339 1952
1669 1287
1287 453
1287 1435
1669 691
1669 1287
1287 1393
1287 1876
486 1966
453 895
1287 1876
895 453
593 1952
870 1287
1287 702
1287 895
1287 476
1287 1876
1287 1550
1287 895
453 895
1987 798
1287 870
1287 1876
1287 1669
1287 691
1175 1601
869 1287
1091 1876
1393 1287
453 691
453 1287
1287 453
1287 453
1435 1287
1876 1091
1287 895
1906 572
1669 56
1287 869
1017 1952
1287 1287
1287 1669
1339 1952
1287 1393
1287 453
601 1952
1393 1287
1601 1175
895 453
702 895
702 1287
1287 453
498 1952
1876 1952
1287 1669
1287 869
1272 1287
1768 1358
1768 798
185 1952
895 702
895 1287
1277 56
753 1287
702 1287
1287 702
1287 895
1876 1952
1669 453
353 1952
1669 1287
630 1287
1287 1669
1287 713
989 1287
1876 1287
1876 1091
1669 895
1287 155
1287 1876
1287 1435
1669 56
1369 1369
453 1669
453 1287
1393 1287
1287 1876
1876 1287
1876 1287
245 1287
1287 1669
453 1669
453 895
245 1287
1393 1287
1876 1287
1328 713
1328 453
1175 1601
895 1287
155 1287
1287 1876
1287 989
691 1287
1287 224
730 1287
1669 1287
630 1287
1393 1287
155 1287
1287 155
1 1287
1287 1876
1393 1287
1287 1669
1876 1287
1287 989
730 1287
1876 1287
1328 713
1328 453
1120 1358
1120 798
453 1287
1287 1669
1287 1272
1550 476
1550 1876
1091 1876
895 1287
1669 1287
1287 1393
1393 1287
1876 1952
1876 1287
1287 245
1287 630
989 1287
1287 1876
1302 1287
1618 1287
1287 453
1287 869
1287 1393
1287 1393
1287 1393
1669 56
155 1287
1287 453
1287 895
1287 1287
1393 1287
1876 1287
1037 1876
1037 1952
1037 1159
1037 1377
453 1287
