419 465
498 1159
1669 869
1669 453
869 155
869 453
453 359
882 449
882 1159
882 1377
835 453
928 453
1159 179
1550 1768
1550 329
1550 203
1550 1987
702 453
1037 80
1037 1195
1037 1981
1037 1377
1037 1159
1037 1444
1159 1987
1441 1159
869 1669
869 453
841 1151
453 1192
1587 1587
1277 453
1770 31
1669 1825
1669 1881
498 1159
1625 1625
1813 453
869 155
869 453
1328 713
1328 453
129 1159
691 1830
841 1151
137 1159
1625 1625
1287 453
869 155
869 453
869 453
1443 453
223 1159
1159 1813
453 2027
1246 1159
1350 1669
1159 329
1328 1587
1328 897
1328 1070
1328 358
1328 572
1328 245
1328 1158
1328 453
1328 410
1669 1825
1159 1277
1720 1159
1874 1874
1625 1625
2027 453
453 1520
453 1918
691 453
1037 1876
1037 1952
1037 1159
1037 1377
87 1159
453 1813
1037 80
1037 1195
1037 1981
1037 1377
1037 1159
1037 1444
1192 453
279 713
1881 1669
1881 453
1800 1159
1987 798
1369 1369
1159 155
1800 1159
453 1587
1159 1748
279 453
453 1813
1550 1768
1550 1987
1550 329
1550 1748
713 1479
713 819
713 1780
713 142
713 1906
713 279
713 892
713 293
882 1906
882 1306
882 1377
882 1594
882 1159
882 246
1964 1159
1 1982
805 1159
1618 155
1618 1159
1998 943
1998 1522
1998 841
453 1277
1813 453
1451 1159
1758 1159
137 1159
1159 869
1758 1159
1159 1277
1625 1625
1277 1748
1287 453
1159 359
1618 2027
1618 1159
882 1906
882 1306
882 1377
882 1594
882 1159
882 246
137 1159
1618 1159
223 1159
228 1159
691 453
1768 453
1037 1876
1037 1952
1037 1159
1037 1377
453 1813
453 359
137 1159
228 1159
1159 895
359 453
498 1159
2027 453
87 1159
1159 359
841 1151
841 25
1082 453
1082 1669
1082 1813
1510 1669
1510 453
1510 691
5 1159
1159 895
137 1159
841 1151
137 1159
1159 1277
630 702
453 56
1159 155
1277 85
351 453
498 1159
155 453
1287 453
5 1159
453 691
1159 835
1669 453
1522 1151
1522 841
1037 1981
1037 1594
1037 1159
1037 1377
841 1151
1813 453
137 1159
1874 31
1874 1144
1618 1769
1618 1159
1625 1625
841 1151
869 453
1625 1625
1813 453
1440 1839
453 691
1328 1587
1328 897
1328 1070
1328 358
1328 572
1328 245
1328 1158
1328 453
1328 410
1308 1159
1918 1159
1941 702
882 449
882 1159
882 1377
1669 928
1625 1625
882 449
882 1159
882 1377
1669 203
1669 1550
1669 1874
1669 329
1669 1987
1669 1768
453 1619
805 1159
737 737
1 453
498 1159
1037 80
1037 1195
1037 1444
1037 430
1037 1377
1037 1159
1037 1981
453 2027
453 1881
1159 1748
1800 1159
453 1277
1874 31
1839 434
1839 978
1839 1576
1839 1369
1839 1258
1839 1874
1839 668
1839 1227
1839 1856
1839 453
1839 1019
1839 383
1839 1586
1839 1792
1839 511
1839 556
1839 1669
1839 796
1839 558
1839 628
1839 155
1839 983
1839 1430
1839 1277
1839 1241
1839 1402
1839 1073
1839 479
1839 1674
1159 279
691 1629
691 2027
691 453
691 713
691 278
1275 1159
728 1058
728 410
728 453
728 329
728 1906
728 1987
728 1768
869 453
702 556
702 1586
2027 453
1618 1159
1669 1381
1037 80
1037 1195
1037 1444
1037 430
1037 1377
1037 1159
1037 1981
1159 1443
359 453
359 1306
1277 453
1618 1159
1618 1377
1037 80
1037 1195
1037 1981
1037 1377
1037 1159
1037 1444
223 1159
453 330
1906 1906
453 691
1618 80
1618 1159
1037 1981
1037 1594
1037 1159
1037 1377
882 1594
882 1906
882 1306
882 1159
882 1377
1625 1625
465 1792
1037 1876
1037 1952
1037 1159
1037 1377
1813 453
1894 841
453 1748
1669 1510
1669 453
1669 691
453 1277
1839 1120
1839 1576
1839 434
1839 1874
1839 1241
1839 904
1839 713
1839 1135
1839 999
1839 1278
1839 453
1839 916
1839 867
1839 385
1839 666
1839 1586
1839 1258
1839 1214
1839 1669
1839 965
1839 558
1839 796
1839 1962
1839 1323
1839 1963
1839 457
1839 155
1839 412
1839 1816
1839 556
1839 1670
1839 574
1839 1845
1839 24
1839 1833
1839 827
1839 869
1839 1440
263 1159
895 1669
895 453
895 730
895 713
895 1906
1159 971
882 449
882 1159
882 1377
292 453
1277 1421
1277 1192
1619 453
943 1522
1159 702
882 1594
882 1906
882 1306
882 1159
882 1377
841 1151
841 1894
895 453
1690 453
155 453
1720 1159
1669 453
1669 1881
1159 1669
1625 1625
459 1159
943 1151
943 841
943 1998
1159 895
363 1159
713 453
928 1669
928 1159
928 1287
1618 713
1618 1159
1037 1876
1037 1952
1037 1159
1037 1377
359 702
1625 1625
5 1159
1998 1151
1998 841
998 453
359 1159
805 1159
223 1159
1308 1159
1813 453
764 1159
882 1594
882 1906
882 1306
882 1159
882 1377
737 737
928 1669
155 453
713 928
882 1906
882 1306
882 1377
882 1594
882 1159
882 246
453 938
1246 1159
1277 453
869 453
1839 1120
1839 511
1839 1576
1839 203
1839 1510
1839 1323
1839 1830
1839 465
1839 1833
1839 999
1839 453
1839 1987
1839 1586
1839 1258
1839 539
1839 1669
1839 796
1839 1874
1839 1792
1839 1963
1839 1080
1839 419
1839 412
1839 1052
1839 1426
1839 1768
1839 1833
1839 1073
1839 1440
1839 479
1839 1674
1159 1277
1159 1978
1363 702
1363 453
1609 1340
1625 1625
1037 80
1037 1195
1037 1444
1037 430
1037 1377
1037 1159
1037 1981
329 453
1363 1867
1328 1587
1328 897
1328 1070
1328 358
1328 572
1328 245
1328 1158
1328 453
1328 410
1 453
764 1159
278 453
1618 1159
1369 1369
1601 453
928 713
453 292
1839 1120
1839 978
1839 1576
1839 434
1839 1874
1839 117
1839 1382
1839 1987
1839 1135
1839 999
1839 1019
1839 916
1839 867
1839 2006
1839 1586
1839 1258
1839 1214
1839 1669
1839 965
1839 419
1839 796
1839 1962
1839 1323
1839 1963
1839 457
1839 155
1839 412
1839 556
1839 558
1839 1277
1839 713
1839 890
1839 574
1839 1845
1839 1833
1839 11
1839 827
1839 869
1839 1440
1 453
1037 1195
1037 1444
1037 80
1037 1159
1037 1377
869 453
1277 359
1159 1669
841 1151
179 453
1328 1587
1328 897
1328 1070
1328 358
1328 572
1328 245
1328 1158
1328 453
1328 410
129 1159
1287 453
1104 1159
1881 1669
1881 453
834 839
1277 453
1159 869
1246 1159
1308 1159
1618 1159
1839 1120
1839 511
1839 1576
1839 203
1839 1510
1839 1323
1839 1830
1839 465
1839 1833
1839 999
1839 453
1839 1987
1839 1586
1839 1258
1839 539
1839 1669
1839 796
1839 1874
1839 1792
1839 1963
1839 1080
1839 419
1839 412
1839 1052
1839 1426
1839 1768
1839 1833
1839 1073
1839 1440
1839 479
1839 1674
713 453
895 453
1813 453
362 1465
702 453
630 1881
1 453
971 453
453 2027
702 630
702 2027
702 453
702 1277
817 31
869 453
217 1151
217 841
1159 620
1625 1625
1510 453
1363 1159
1363 430
1159 1669
1440 1839
129 1159
1983 1159
691 453
1625 1625
1159 702
1669 453
1619 453
1669 928
1669 453
1669 1287
453 869
1159 1195
841 1151
841 1522
155 453
1381 1159
869 453
228 1159
1629 453
137 1159
453 1768
1669 928
1159 1748
1669 1510
1669 453
1669 691
179 453
292 1277
1625 1625
1044 453
1277 453
1659 453
1 453
1957 453
1618 1159
1159 488
223 1159
359 453
1159 1669
1957 453
371 453
702 1363
702 453
1277 453
737 737
1550 1277
1758 1159
129 1159
713 205
713 195
713 453
1625 1625
869 453
869 713
1308 1159
1625 1625
895 453
1625 1625
1957 453
1669 56
1037 1981
1037 1594
1037 1159
1037 1377
453 1768
805 1159
359 1277
882 1906
882 1306
882 1377
882 1594
882 1159
882 246
1669 453
1625 1625
702 453
1277 453
1510 1669
1510 453
1510 691
223 1159
1625 1625
453 928
882 1906
882 1306
882 1377
882 1594
882 1159
882 246
1246 1159
293 453
329 453
453 869
359 1550
869 1669
869 453
1510 1669
1510 453
1510 691
1277 1550
453 1277
1157 1159
1159 487
1159 1881
453 1277
1277 1037
1669 453
1287 453
359 1159
869 453
1159 1669
1157 1159
359 453
728 1058
728 410
728 453
728 329
728 1906
728 1987
728 1768
1037 1876
1037 1952
1037 1159
1037 1377
869 453
1159 1669
1618 1159
1618 1377
1618 1159
1618 1377
1159 2027
1159 1480
137 1159
1287 453
1246 1159
359 453
2027 453
1159 869
1186 453
155 453
137 1159
301 301
659 798
1 453
329 453
1586 1839
1918 1520
1918 1159
453 869
1037 80
1037 1195
1037 1444
1037 430
1037 1377
1037 1159
1037 1981
1328 713
1328 453
453 1277
1536 1768
1536 1550
1536 329
1536 1987
1536 1748
329 203
329 329
329 410
329 453
329 1874
329 1906
329 1258
329 1987
329 1768
841 1151
841 943
841 217
1625 1625
359 453
453 547
453 1629
453 1195
453 691
453 713
453 691
1618 1159
1037 80
1037 1195
1037 1981
1037 1377
1037 1159
1037 1444
1277 453
155 869
155 453
245 1058
245 410
245 453
245 329
245 1987
245 1906
245 1768
453 869
1287 453
1987 1966
1669 1739
1159 702
223 1159
1625 1625
1601 453
869 453
1874 1669
1874 203
1874 1550
1874 329
1874 1987
1874 1768
882 1594
882 1906
882 1306
882 1159
882 1377
1159 1819
1881 453
1550 1277
691 453
882 449
882 1159
882 1377
869 453
1618 1159
498 1159
969 453
1277 56
1277 702
1277 691
764 1159
1159 1669
453 2027
1839 1120
1839 1576
1839 1369
1839 1510
1839 1874
1839 1241
1839 904
1839 1987
1839 120
1839 999
1839 453
1839 465
1839 1586
1839 1258
1839 1792
1839 827
1839 556
1839 1670
1839 1669
1839 796
1839 558
1839 628
1839 1963
1839 457
1839 412
1839 690
1839 1430
1839 1277
1839 419
1839 423
1839 574
1839 1987
1839 511
1839 383
1839 411
1839 479
1839 1674
1669 203
1112 453
943 1151
943 841
943 25
943 1998
1277 453
1839 1120
1839 511
1839 1576
1839 203
1839 1510
1839 1323
1839 1830
1839 465
1839 1833
1839 999
1839 453
1839 1987
1839 1586
1839 1258
1839 539
1839 1669
1839 796
1839 1874
1839 1792
1839 1963
1839 1080
1839 419
1839 412
1839 1052
1839 1426
1839 1768
1839 1833
1839 1073
1839 1440
1839 479
1839 1674
329 453
1037 80
1037 1195
1037 1444
1037 430
1037 1377
1037 1159
1037 1981
1039 713
1157 1159
1159 371
805 1159
223 1159
137 1159
1625 1625
179 453
1881 1277
1328 713
1328 453
217 1151
217 841
1277 56
1159 209
1159 1044
1758 1159
826 453
1669 56
1669 453
702 453
1 453
453 869
453 1918
1159 155
1625 1625
1155 1274
209 453
1550 1768
1550 329
1550 1536
1550 1987
1625 1625
453 179
630 1669
1839 1120
1839 511
1839 1576
1839 203
1839 1510
1839 1323
1839 1830
1839 465
1839 1833
1839 999
1839 453
1839 1987
1839 1586
1839 1258
1839 539
1839 1669
1839 796
1839 1874
1839 1792
1839 1963
1839 1080
1839 419
1839 412
1839 1052
1839 1426
1839 1768
1839 1833
1839 1073
1839 1440
1839 479
1839 1674
1839 1120
1839 1576
1839 434
1839 1874
1839 1241
1839 904
1839 713
1839 1135
1839 999
1839 1278
1839 453
1839 916
1839 867
1839 385
1839 666
1839 1586
1839 1258
1839 1214
1839 1669
1839 965
1839 558
1839 796
1839 1962
1839 1323
1839 1963
1839 457
1839 155
1839 412
1839 1816
1839 556
1839 1670
1839 574
1839 1845
1839 24
1839 1833
1839 827
1839 869
1839 1440
1277 453
1550 1768
1550 329
1550 203
1550 1987
498 1159
1839 1120
1839 978
1839 1576
1839 434
1839 1874
1839 117
1839 1382
1839 1987
1839 1135
1839 999
1839 1019
1839 916
1839 867
1839 2006
1839 1586
1839 1258
1839 1214
1839 1669
1839 965
1839 419
1839 796
1839 1962
1839 1323
1839 1963
1839 457
1839 155
1839 412
1839 556
1839 558
1839 1277
1839 713
1839 890
1839 574
1839 1845
1839 1833
1839 11
1839 827
1839 869
1839 1440
453 488
1277 1768
1277 329
1277 1987
1277 1536
1277 1550
1159 1112
1918 1159
453 412
1159 1918
702 453
228 1159
1328 713
1328 453
713 453
1095 1159
1625 1625
1340 1609
453 895
1277 1881
1874 31
1037 80
1037 1195
1037 1981
1037 1377
1037 1159
1037 1444
1587 453
1882 453
1510 1669
1510 453
1510 691
1159 1669
1159 1277
1441 1159
1550 1277
1550 1536
1550 329
1550 1987
1550 1748
1550 1768
1308 1159
1385 453
1159 1541
979 1159
1669 1881
1339 453
263 1159
1037 80
1037 1195
1037 1981
1037 1377
1037 1159
1037 1444
1328 713
1328 453
217 1151
217 943
217 841
217 1998
1159 209
142 453
142 713
1220 1220
1522 1151
1522 841
1277 453
1440 1839
841 943
841 1522
1739 1669
1277 1881
329 1550
228 1159
453 895
1159 869
1813 453
1839 1586
453 329
1625 1625
1159 1669
137 1159
226 1159
1625 1625
1955 2027
2027 1955
1159 2027
453 1287
943 1151
943 841
1159 1669
1159 713
1287 453
1881 1277
1369 1369
453 329
1277 691
1669 453
895 1906
895 453
2027 453
1938 699
453 928
453 713
266 266
1159 1669
1159 807
1277 453
987 1159
453 869
869 453
1159 869
705 1159
1037 1444
1037 1694
1037 1159
1037 1377
1522 943
1522 841
444 1159
1277 453
1739 1159
1550 1277
453 1277
895 453
1987 798
869 453
228 1159
805 1159
137 1159
1159 869
1287 453
1159 702
1669 453
1159 869
839 233
839 834
1037 80
1037 1195
1037 1981
1037 1377
1037 1159
1037 1444
841 1151
1277 1541
1618 1159
869 1669
869 453
1277 1550
1998 1151
1998 943
1998 841
1159 869
1618 1159
155 453
1669 56
1625 1625
1625 1625
1159 359
1625 1625
359 453
1159 1480
1998 1151
1998 1522
1998 841
1669 56
987 1159
1739 1669
1739 453
882 1906
882 1306
882 1377
882 1594
882 1159
882 246
1906 1306
1906 1377
1906 882
1906 1594
1906 1159
1906 246
1813 453
713 453
1159 1192
1037 1876
1037 1952
1037 1159
1037 1377
799 453
799 178
453 179
713 453
713 991
1874 1874
1629 453
179 453
1037 80
1037 1195
1037 1444
1037 430
1037 1377
1037 1159
1037 1981
1037 1876
1037 1952
1037 1159
1037 1377
1618 1159
1618 1377
1287 453
1350 1669
841 1151
1983 1159
869 453
453 869
1669 453
1792 362
1881 630
263 1159
1618 1159
206 1159
835 453
794 604
1618 1159
1159 1813
453 155
882 449
882 1159
882 1377
987 1159
1328 1587
1328 897
1328 1070
1328 358
1328 572
1328 245
1328 1158
1328 453
1328 410
2027 630
928 1159
1510 1669
1510 453
1510 691
882 449
882 1159
882 1377
488 453
453 713
453 991
453 1956
453 1669
943 1151
943 1522
943 841
943 1998
1277 453
1287 453
1363 453
1258 1258
1037 80
1037 1195
1037 1444
1037 430
1037 1377
1037 1159
1037 1981
223 1159
453 329
2027 453
87 1159
155 869
453 153
1159 1748
1998 1151
1998 943
1998 217
1998 841
329 453
882 1377
882 1952
882 1306
882 1159
882 246
1159 359
702 1277
1159 1277
1659 453
1867 1363
488 453
2027 453
764 1159
1369 1120
1369 465
1369 14
1369 1576
1369 203
1369 641
1369 410
1369 794
1369 1874
1369 272
1369 165
1369 1323
1369 585
1369 852
1369 47
1369 120
1369 999
1369 453
1369 1019
1369 1987
1369 1894
1369 1586
1369 1258
1369 1792
1369 1587
1369 1430
1369 1670
1369 980
1369 306
1369 690
1369 1743
1369 329
1369 1963
1369 419
1369 558
1369 412
1369 1501
1369 817
1369 266
1369 1434
1369 217
1369 1467
1369 25
1369 457
1369 1522
1369 890
1369 1241
1369 24
1369 1976
1369 511
1369 1440
1369 1179
1369 1839
794 604
1520 1918
129 1159
1669 1550
702 453
1037 1195
1037 1444
1037 80
1037 1159
1037 1377
1384 1159
737 737
1159 1768
1792 817
1655 1159
928 1669
1669 1510
1669 453
1669 691
869 453
5 1159
1159 1186
1159 1659
841 1151
1446 1159
453 702
882 449
882 1159
882 1377
1277 453
453 1918
1340 453
453 1669
1 453
1277 56
895 453
895 453
702 453
702 1363
702 453
817 31
453 1258
869 453
1625 1625
1625 1625
1384 1159
1550 1277
453 56
1 453
943 1151
943 841
943 1894
1277 1550
1037 1876
1037 1952
1037 1159
1037 1377
137 1159
869 453
1881 453
1800 1159
453 1277
1768 453
1277 1550
1550 1768
1550 329
1550 1987
1441 1159
882 1377
882 1952
882 1306
882 1159
882 246
1669 453
1625 1625
702 56
702 1277
702 691
987 1159
764 1159
498 1159
1669 453
1669 56
453 1277
5 1159
453 1669
691 1277
691 56
928 713
1839 1120
1839 511
1839 1576
1839 203
1839 1510
1839 1323
1839 1830
1839 465
1839 1833
1839 999
1839 453
1839 1987
1839 1586
1839 1258
1839 539
1839 1669
1839 796
1839 1874
1839 1792
1839 1963
1839 1080
1839 419
1839 412
1839 1052
1839 1426
1839 1768
1839 1833
1839 1073
1839 1440
1839 479
1839 1674
1881 1669
453 1619
1277 453
1758 1159
87 1159
453 1601
1768 453
1768 1874
1 453
1246 1159
882 449
882 1159
882 1377
2027 453
938 453
1440 319
1440 96
1440 738
1440 1903
1440 653
1440 239
1440 184
1440 1144
1440 56
223 1159
1536 1768
1536 1550
1536 329
1536 1987
1536 1748
882 1906
882 1306
882 1377
882 1594
882 1159
882 246
266 266
1287 453
1037 1876
1037 1952
1037 1159
1037 1377
1522 1151
1522 841
1522 1998
453 1277
835 453
1037 1876
1037 1952
1037 1159
1037 1377
1669 56
1894 1151
1894 841
1918 1159
1587 453
943 1151
943 1522
943 841
943 1998
329 1987
329 1768
329 203
329 1550
155 453
841 1151
1287 453
359 453
453 1813
1894 1151
1894 841
1159 895
1277 453
1669 203
1669 1550
1669 1874
1669 329
1669 1987
1669 1768
1768 453
1768 702
1625 1625
819 279
1625 1625
1277 453
1618 1159
1618 1377
764 1159
511 511
1536 1768
1536 1550
1536 329
1536 1987
1536 1748
764 1159
1874 1768
1874 1987
1874 329
1874 203
1874 1550
412 453
1618 1159
1550 1768
1550 329
1550 1536
1550 1987
1157 1159
1758 1159
1220 1220
87 1159
1159 1669
1894 1151
1894 943
1894 841
1037 1876
1037 1952
1037 1159
1037 1377
1328 713
1328 453
1328 1587
1328 897
1328 1070
1328 358
1328 572
1328 245
1328 1158
1328 453
1328 410
1800 1159
1618 1159
1625 1625
1037 1195
1037 1444
1037 80
1037 1159
1037 1377
359 1768
359 1987
359 329
359 1550
620 453
179 453
841 1151
841 943
841 1894
1625 1625
737 737
1287 453
1159 1277
155 453
1674 257
1674 1179
1674 203
1674 410
1674 794
1674 329
1674 24
1674 1987
1674 419
1674 412
1674 1586
1674 306
1674 1792
1674 1587
1674 852
1674 465
1674 1768
1674 1874
1674 817
1625 1625
702 453
702 1277
399 453
453 895
137 1159
301 301
1619 713
1159 691
488 453
713 453
453 1277
453 895
1277 453
453 1277
1159 869
1813 453
488 453
1037 1981
1037 1594
1037 1159
1037 1377
1037 80
1037 1195
1037 1981
1037 1377
1037 1159
1037 1444
1157 1159
1954 1159
1748 453
1277 1669
1159 2027
1625 1625
2027 702
869 453
24 31
137 1159
263 1159
1159 1363
702 453
817 1930
1998 1151
1998 841
453 1813
1586 1839
943 1522
943 841
943 1998
691 1277
691 453
5 1159
869 453
203 1874
969 453
1918 453
453 869
841 943
882 1306
882 1813
882 449
882 1377
882 1159
882 1124
1625 1625
1159 1480
1159 1748
1159 826
1258 453
1381 1669
223 1159
263 1159
155 453
1625 1625
895 453
1112 453
1159 488
1998 1151
1998 841
1998 25
691 453
691 329
453 1510
453 1669
453 691
882 449
882 1159
882 1377
1669 453
943 1151
943 841
1287 453
1159 895
1037 1876
1037 1952
1037 1159
1037 1377
1037 80
1037 1195
1037 1981
1037 1377
1037 1159
1037 1444
1246 1159
882 1594
882 1906
882 1306
882 1159
882 1377
620 453
1520 1918
1159 1443
1037 1876
1037 1952
1037 1159
1037 1377
1618 1159
1 453
841 1151
895 453
137 1159
1277 453
1768 798
25 1151
25 841
1618 1159
1618 1377
1037 1981
1037 1594
1037 1159
1037 1377
1159 1748
998 453
359 453
1037 1981
1037 1594
1037 1159
1037 1377
1258 453
1813 453
1625 1625
1159 209
1159 713
1159 1340
702 453
702 359
1037 1876
1037 1952
1037 1159
1037 1377
869 453
869 453
2027 453
87 1159
1882 453
1159 1340
1669 453
869 453
453 278
1258 1258
1287 453
1192 1277
1192 359
1625 1625
1369 1369
1758 1159
1277 691
1274 1901
1274 1508
1274 1803
1274 404
1274 1155
1274 1030
1274 91
1274 453
1274 1690
1274 44
1274 734
1274 388
1274 1915
1274 1137
1274 364
1274 1993
1274 516
1274 1042
1274 1975
1274 1750
1274 509
1274 783
1274 891
1274 1965
1274 1598
1800 1159
869 155
869 453
1037 1876
1037 1952
1037 1159
1037 1377
1157 1159
179 453
1618 1159
1618 1377
1830 691
1037 1876
1037 1952
1037 1159
1037 1377
882 1906
882 1306
882 1377
882 1594
882 1159
882 246
1246 1159
453 1813
263 1159
1625 1625
1037 1981
1037 1594
1037 1159
1037 1377
1618 1159
1037 80
1037 1195
1037 1444
1037 430
1037 1377
1037 1159
1037 1981
1541 1277
1619 453
882 1906
882 1306
882 1377
882 1594
882 1159
882 246
1192 453
453 869
1618 155
1618 1159
129 1159
817 31
1037 1876
1037 1952
1037 1159
1037 1377
991 453
1037 80
1037 1195
1037 1444
1037 430
1037 1377
1037 1159
1037 1981
1159 1813
1580 1144
1580 1440
511 1874
903 34
903 1198
1303 690
1953 1953
511 1899
511 824
511 1894
511 1974
511 1998
1440 1586
1258 1144
1258 1998
1258 1580
12 1874
350 1874
350 1839
350 1963
1963 1899
24 1278
1580 1144
1580 1440
1258 1792
411 1874
411 1258
411 1963
411 999
1258 1874
1874 350
1874 829
1258 1497
1198 1144
1258 1833
1258 1874
1258 1440
629 1874
1194 1144
511 1874
852 1874
999 1144
1874 24
585 1144
511 1899
737 1144
999 1144
1974 999
1198 1144
1278 829
1278 1874
1278 24
511 1874
511 1440
1894 1144
1894 999
1278 47
1278 1874
1278 1258
1278 999
411 1440
411 1792
1453 1144
252 1
1580 1144
1580 1198
521 1874
1874 412
1874 1586
551 1874
585 1874
1844 1144
1844 1198
535 350
346 1706
1625 1625
620 203
620 1874
620 1987
620 1586
620 732
620 1768
539 203
539 829
539 687
539 1839
539 535
999 1144
1440 1144
1440 570
350 360
659 1874
659 1987
350 1258
1874 1927
1874 535
1874 203
411 1963
411 1874
411 1258
411 817
411 999
1844 1144
1844 1440
1198 1144
1998 714
511 1309
511 1522
511 1974
511 999
1998 1586
1874 1566
1751 535
580 1874
1874 1258
34 1144
34 1380
863 1706
863 350
1374 1706
629 1440
1440 629
1258 350
1258 1874
1198 1144
511 1894
511 1974
511 1899
1258 1833
1258 1874
1258 1440
1839 1120
1839 1576
1839 434
1839 1874
1839 1241
1839 904
1839 713
1839 1135
1839 999
1839 1278
1839 453
1839 916
1839 867
1839 385
1839 666
1839 1586
1839 1258
1839 1214
1839 1669
1839 965
1839 558
1839 796
1839 1962
1839 1323
1839 1963
1839 457
1839 155
1839 412
1839 1816
1839 556
1839 1670
1839 574
1839 1845
1839 24
1839 1833
1839 827
1839 869
1839 1440
1258 829
999 1144
1957 1874
201 1839
350 203
411 1144
1874 829
1874 1258
1369 1144
999 1278
999 1894
999 1874
999 1258
999 1998
1278 1899
1497 1874
1963 1586
1261 1874
1261 372
1261 1768
1261 221
1261 1792
585 1144
1992 1144
1992 1198
1720 1706
1874 580
252 1
1874 1258
1874 1963
412 829
412 203
1440 1833
1844 1144
1844 1440
1874 1829
1874 1874
1874 1278
1883 1706
1874 1501
1874 511
1258 1899
833 1874
833 1258
411 1874
411 1258
411 1963
411 999
1839 1120
1839 511
1839 1576
1839 203
1839 1510
1839 1323
1839 1830
1839 465
1839 1833
1839 999
1839 453
1839 1987
1839 1586
1839 1258
1839 539
1839 1669
1839 796
1839 1874
1839 1792
1839 1963
1839 1080
1839 419
1839 412
1839 1052
1839 1426
1839 1768
1839 1833
1839 1073
1839 1440
1839 479
1839 1674
67 1874
1258 1874
1258 1998
1258 1963
498 1706
1670 1874
1894 1974
1894 1899
1194 1144
1269 1440
1269 1278
1269 1269
1269 1874
1258 350
1258 1874
1278 1874
1278 1258
1278 1963
1278 999
1874 234
1874 551
1440 1144
1258 21
1874 1768
1874 829
1874 1586
1874 1963
1874 539
1974 1522
1974 1894
1974 1899
1974 852
1874 1440
1874 1258
1874 999
1833 1586
999 1894
999 1899
829 1874
829 1563
829 84
829 1997
829 203
1874 1833
1874 1899
1874 1258
1874 1963
511 1440
511 1874
1844 1144
1844 1239
1833 1522
1833 1899
1194 1144
339 1144
656 1144
628 1011
628 465
1894 1144
1999 1
1839 201
1974 21
1992 217
1992 1144
1953 1953
1974 1899
1580 1144
1580 999
1874 829
535 853
535 350
1894 1144
350 1258
350 203
1953 1953
533 1874
1369 1874
1497 1874
1278 1874
720 1874
412 1874
412 153
412 1768
1258 350
1974 21
585 1144
1440 1839
1369 1369
1625 1625
1469 1874
1874 350
1874 1258
1874 442
723 1144
1258 1258
1874 511
659 1874
659 1987
903 1144
1833 1874
1833 1258
999 1874
999 1974
999 411
999 1258
1998 1586
829 1874
1625 1625
34 1144
1669 203
1669 1550
1669 1874
1669 329
1669 1987
1669 1768
1974 1874
1974 1258
1974 1998
594 1874
511 1144
903 1144
903 1198
999 1144
999 1974
999 1998
1874 757
1258 1144
1440 1586
1874 1440
339 1874
585 1874
1258 1833
1258 1874
1258 1440
511 1894
511 1899
511 999
151 462
151 1874
151 1801
151 436
151 1751
1440 1144
1258 1874
1258 1974
1258 1963
511 1894
511 1899
511 1963
1998 903
1998 1144
1998 1440
1974 999
411 1899
1510 1874
1392 1392
1198 1144
585 1144
1874 1843
1974 1894
1974 1899
1566 1874
1440 265
1874 1258
1440 1833
350 1833
350 1874
350 1258
350 203
1198 1144
203 1833
1580 1144
1580 999
1258 350
1258 1833
1258 1768
1258 1874
1258 203
829 1874
234 1874
1580 1144
1580 1194
234 1874
411 21
411 1974
1580 1144
1580 999
1258 1768
1706 203
999 1874
1874 1258
1874 31
1874 1144
1278 1144
944 1874
1576 203
585 1874
580 1874
1258 350
1258 1874
1278 829
829 1874
1628 1
1974 21
1974 411
203 1927
1874 511
498 1706
1580 1198
1580 723
620 1874
888 1706
1911 1706
1911 283
1522 1899
1522 1894
1522 511
1522 1960
1522 1998
1278 1144
1258 1874
1768 1874
999 1144
1522 1899
1522 999
1522 1874
1522 1963
1522 1833
1522 1258
1 1258
412 829
412 119
412 1874
412 668
412 585
412 1258
412 579
412 1214
412 1768
1258 1899
1953 1953
1974 1874
1974 1258
1974 999
1258 1268
1181 1706
1963 1899
1963 999
1963 1522
1963 1874
1963 1833
1963 1258
1874 1258
1874 1144
1874 999
1433 1706
1874 1742
999 1894
999 1899
1 1874
1 451
999 1899
1874 411
1198 1144
1440 1874
1874 1258
1580 1144
1580 585
1580 511
1580 1369
1586 412
620 412
1792 1258
1580 1144
1580 585
1580 1258
1874 565
1440 60
1440 1833
1894 1144
511 1874
585 1899
585 411
1258 1258
585 1144
1839 1874
1874 829
1894 1899
1894 1998
1894 999
999 1309
999 1522
999 511
999 1974
1670 1874
511 1874
511 1258
1499 485
1894 1144
341 1706
1278 1144
1874 829
1874 1586
1440 1833
829 1874
1291 1144
1291 1998
903 1144
903 1998
1974 1874
1974 1258
1974 1998
203 84
203 1874
203 412
203 829
350 1874
34 1144
1269 1269
1269 536
1380 1144
1874 31
1839 963
252 1
999 1899
511 1144
511 585
511 1369
1511 1511
1194 1144
1291 1291
999 34
999 1899
999 1998
1844 1144
1844 1440
1874 1258
1728 1706
1998 1874
1998 511
554 1706
1582 1953
163 1874
34 1144
521 1471
999 1874
540 1874
540 1258
1198 1144
203 1874
1768 1874
1120 1874
1440 570
1278 1894
1278 1874
1278 1258
1278 1998
1278 999
350 1768
1505 1874
1625 1625
999 1963
999 1874
999 1258
999 1998
1278 1963
1278 1874
1278 1258
1278 1998
1278 999
1278 1144
1934 1706
1440 1144
1874 1768
939 1144
939 1440
1874 1768
1198 1144
585 1144
346 1706
622 622
999 1144
1278 1874
1974 999
1974 1874
1974 1963
1974 1833
1974 585
1974 1258
1440 1369
1096 1706
521 1702
1874 1144
1792 817
411 1144
1258 1874
1258 1998
1258 999
852 1927
852 1854
852 47
852 1467
852 999
852 1874
852 1501
852 1258
852 1587
350 829
350 203
350 84
350 1706
350 1563
350 535
549 1874
161 1706
1874 350
1874 698
1874 1874
1440 1471
1369 1874
1998 1144
1998 1974
1874 1440
1874 1258
34 1144
34 1198
1258 1874
794 604
1669 1550
1874 347
339 1144
1894 1899
1894 1998
1628 1
939 1144
939 1198
620 1874
350 1833
585 1144
1278 1874
1258 350
1510 1556
1510 1691
1510 1650
1510 146
1510 1785
1258 1874
1510 1556
1510 1691
1510 1650
1510 146
1510 1785
265 1471
1998 1258
1998 1874
1998 1974
1998 1963
1998 999
737 1144
737 1179
737 1652
999 1144
1894 1899
1894 999
350 1874
350 1258
350 203
585 1144
599 599
252 1
829 1563
1504 1504
1874 511
1874 1998
403 1144
403 1858
1833 1874
1833 1258
1626 1626
1522 585
1522 1899
999 21
999 1899
1874 379
1258 829
1374 1706
1582 1953
442 1874
585 1874
1258 1874
1278 1144
1369 1894
1369 1258
1369 1899
1974 1874
1974 1258
1974 999
1874 1144
1874 999
1874 1844
1258 350
1258 203
1953 1953
1198 1144
1198 34
838 1874
1874 757
1625 1625
1580 1144
1580 999
838 1874
1586 1998
1198 1144
203 1258
1953 1953
1093 1093
1874 1587
1874 457
1770 1768
1770 1874
1770 412
1770 1586
1770 1792
1369 1874
1706 350
720 1874
1453 1144
1874 686
1874 1874
137 1706
1258 350
718 1
1894 1144
1374 1706
1731 1874
1731 1402
1731 1987
1731 419
1731 1792
1731 1768
1731 852
217 1144
1874 1144
1874 945
1874 350
1874 345
1198 1278
1198 1144
1894 1144
1303 999
999 1144
1874 350
1258 1874
1258 219
511 1510
829 1874
999 1833
999 34
999 1198
999 1899
1580 1144
1580 999
1198 1144
1198 1580
350 1874
1278 1144
511 1874
511 1258
511 1998
511 999
1874 829
1440 1144
1258 829
1580 1440
1580 1844
350 203
1844 1144
1844 1440
272 1144
1628 1
1894 1144
999 1144
1580 1144
1580 1998
219 795
219 1874
1844 1144
1844 605
1874 535
511 1874
999 853
999 690
1580 1144
1580 1894
1522 1899
1522 411
1874 412
1874 817
1874 465
1974 999
1974 1874
1974 1963
1974 1833
1974 585
1974 1258
1792 362
1927 535
1927 203
1258 585
1258 1874
1874 1843
852 585
852 1899
1258 1874
1258 1768
350 1258
25 1258
25 1899
1894 1144
1440 1616
1258 580
1258 1874
1258 1899
24 526
1874 412
1874 829
620 1874
1453 1144
521 1702
203 1874
1198 1144
34 1899
1874 1258
465 1874
1874 350
1874 853
1874 1833
1874 203
549 1874
1874 1833
1874 1963
1992 737
1992 1144
1009 1587
1706 375
1440 1144
1258 1874
1369 1874
1369 2012
1369 1440
1369 1258
1258 1874
757 1874
1268 1874
1894 1144
1992 1144
1992 1198
1198 1144
999 1440
999 1874
999 1258
1586 1440
1258 1874
1258 1874
1258 1278
1258 511
903 1144
903 1998
829 203
1501 1874
1278 1874
1278 1258
1278 999
1198 1144
1874 1768
1440 1833
1198 1144
1543 1874
411 1874
411 1258
511 24
1998 1144
411 21
411 1974
1374 1706
1625 1625
1501 511
1587 1587
1957 1874
1963 1833
1963 1874
1963 1258
1963 999
137 1706
1874 1874
1874 1818
511 1899
511 1522
511 1894
511 1974
511 852
217 1899
1874 1258
1930 1874
829 1874
829 203
1874 816
1874 1278
1874 829
1874 511
1874 24
682 682
1874 511
1874 339
1998 1144
34 1144
1874 1715
1874 1258
1440 1198
1894 1899
1894 999
1258 1874
1239 1144
1440 999
1998 1899
1998 1258
1998 852
1998 999
252 1
350 1874
1833 1974
1874 1833
1874 999
1874 1974
1874 1963
1874 1258
1258 1258
1953 1953
1258 1874
34 1144
1198 723
1439 1014
1439 1706
585 1144
63 1060
1874 1258
999 1144
1894 1144
1874 1874
1874 1987
1580 1144
1580 339
1510 39
1510 1874
1510 1011
1510 383
1510 306
1510 1792
1510 817
350 1874
350 203
999 1874
1440 160
1522 999
853 690
1839 1586
1874 203
999 1144
1874 829
1874 203
1874 412
1874 535
1874 539
1874 1839
350 1258
350 1874
1580 1144
1580 999
1974 1278
1974 21
1974 411
1198 1144
585 1144
585 1440
1440 60
1440 1833
1839 201
999 690
829 1258
1789 1706
1258 1974
905 1510
905 1691
905 1650
905 146
905 1556
1874 1848
1874 1899
1874 1522
1874 2011
1874 852
1874 1998
1440 1833
34 1144
34 1198
1998 1899
1998 999
1833 350
1440 1144
999 1144
723 1144
1768 1874
1580 1144
1580 1995
1580 852
203 829
203 1874
1440 999
203 1874
1497 1258
203 1303
1618 1874
1440 1144
1768 203
1992 1144
1992 1198
1720 1706
1269 536
350 1874
350 1258
829 84
829 1833
829 203
829 1874
829 1563
829 1997
1839 350
1839 1874
1839 1963
1874 1144
1874 1194
1874 999
1833 829
1833 203
1833 1874
1833 1727
1833 1586
1833 535
1833 539
1833 350
1833 1839
1874 1469
1974 1833
1974 1874
1974 1258
1974 1963
1974 999
1874 158
1586 1963
350 1874
1874 829
757 580
1198 1144
347 1874
411 1899
1501 511
1874 511
1874 1258
1453 1144
203 412
1874 350
1874 1258
511 1309
511 1974
1987 1874
1987 1670
511 1501
1874 1258
1258 1874
1258 1144
1258 585
1715 1706
1715 1258
1269 1440
1269 1278
1269 1269
1269 1874
1586 1874
1874 1510
1953 1953
1998 1874
1998 1258
1998 1963
1998 999
1440 1144
1453 1144
339 1874
24 829
24 1874
24 735
1874 521
585 1894
585 1899
585 852
903 1144
903 34
999 1894
999 1899
999 1998
1380 1144
252 1
1833 1874
411 1278
411 21
411 1974
829 1874
1380 1144
1839 1120
1839 511
1839 1576
1839 203
1839 1510
1839 1323
1839 1830
1839 465
1839 1833
1839 999
1839 453
1839 1987
1839 1586
1839 1258
1839 539
1839 1669
1839 796
1839 1874
1839 1792
1839 1963
1839 1080
1839 419
1839 412
1839 1052
1839 1426
1839 1768
1839 1833
1839 1073
1839 1440
1839 479
1839 1674
1874 203
1628 1
829 1874
999 1899
1258 829
1258 1768
1258 1278
1258 829
1258 1874
1258 203
1874 203
963 1839
1874 203
24 1874
203 1576
1586 1440
203 1874
1874 1670
1874 1440
852 25
1874 1833
1874 457
1998 903
1998 1144
737 1144
1258 1874
1258 511
1198 1144
1198 1858
99 1706
1258 329
1522 1899
1974 1894
1974 1899
1927 203
511 1874
511 565
1833 1874
1833 1440
1833 1258
999 1144
999 1198
999 1580
1576 1874
585 1874
1833 1974
511 1899
1578 585
806 1278
806 1874
1258 1899
1440 60
1440 1833
1998 1899
1974 21
1974 411
511 511
1974 1899
1839 829
1839 203
1839 1874
1839 412
1839 535
1839 539
539 1586
539 1874
539 1963
539 535
833 1258
833 1874
1998 1440
1998 1369
411 1899
1258 350
1258 1874
1874 1833
1874 1258
1874 1751
903 1144
903 1380
1198 1144
1998 511
1998 1899
1706 551
1258 1874
1440 1468
1440 1833
350 853
1258 1998
1566 1874
1278 1144
1874 1833
1874 853
1874 1258
1874 203
585 829
585 119
585 1874
585 668
585 412
585 1258
585 579
585 1214
585 1768
999 1258
999 852
999 165
1894 1974
1894 1899
829 1874
585 1874
739 1706
1874 551
1258 1874
1963 1833
1963 104
1963 1874
1963 1258
1963 1899
1874 829
1874 1963
1874 412
1874 1586
1874 539
1874 1768
1874 1258
1278 1874
1278 511
1278 1258
1843 1874
1843 1258
1566 1874
272 272
999 1899
1522 1998
1258 1874
350 1258
350 1874
1874 1576
1874 203
1874 829
1874 735
1874 24
1278 1144
1440 1269
1440 511
1278 1144
1278 1899
1440 1144
1258 1292
1278 1144
1278 1144
1998 1144
203 84
203 1080
203 412
203 829
1894 1899
1894 1963
412 1874
412 1906
411 1899
442 1874
1140 1706
1440 1586
1440 1874
283 1874
1369 1874
1369 1258
1953 1953
1953 1953
1625 1625
1874 1899
1278 829
1278 1874
1670 1440
1670 1874
1616 1706
1278 1522
1278 1899
1874 1670
272 1874
272 1440
272 852
457 21
457 511
457 1258
457 1369
457 1998
1625 1625
457 21
457 511
457 1258
457 1369
457 1998
1974 1894
1974 1899
1974 1998
312 1874
411 1874
411 21
411 1974
1586 1874
1522 1144
1522 999
34 1144
1874 549
1440 1586
511 1874
511 1998
1974 999
1369 1120
1369 465
1369 14
1369 1576
1369 203
1369 641
1369 410
1369 794
1369 1874
1369 272
1369 165
1369 1323
1369 585
1369 852
1369 47
1369 120
1369 999
1369 453
1369 1019
1369 1987
1369 1894
1369 1586
1369 1258
1369 1792
1369 1587
1369 1430
1369 1670
1369 980
1369 306
1369 690
1369 1743
1369 329
1369 1963
1369 419
1369 558
1369 412
1369 1501
1369 817
1369 266
1369 1434
1369 217
1369 1467
1369 25
1369 457
1369 1522
1369 890
1369 1241
1369 24
1369 1976
1369 511
1369 1440
1369 1179
1369 1839
403 1144
1258 1874
1440 1144
1369 1144
1874 518
1874 1874
137 1706
1278 1963
1278 1874
1278 1258
1278 1998
1278 999
411 930
1874 1258
1874 1963
1874 1998
1874 999
346 1706
158 1706
1510 1556
1510 1691
1510 1650
1510 146
1510 1785
853 350
1580 1144
1580 1501
350 1874
1586 1963
1932 1874
350 1833
350 1768
350 1874
350 1258
350 203
420 412
420 1874
853 1874
829 1874
1198 1144
1258 1930
1751 350
757 1874
1258 1874
1582 1953
1874 312
939 1278
939 1144
1291 1291
412 84
412 829
412 1874
412 1997
412 203
1580 1144
1580 1258
1874 1258
1874 511
1874 1258
1874 1998
1874 999
158 1706
800 1874
659 798
344 737
344 1144
1198 1144
1874 1522
1874 511
350 1874
203 350
203 1768
203 1874
203 535
1369 1899
1369 25
1369 1998
1874 594
1874 829
1874 1258
1874 203
1874 412
1874 539
1586 1874
1628 1
1768 1874
585 21
1953 1953
829 1874
1580 1144
1580 1998
1894 1440
1874 1833
1874 1586
1874 203
1440 1874
829 203
1198 1144
1874 153
1625 1625
1912 1278
1912 1874
1912 1258
1912 999
1268 1874
1258 1874
1198 723
1894 1144
585 1144
999 1899
511 1522
511 1899
1874 420
1874 412
585 1144
1874 1833
1874 457
411 217
1258 1440
1628 1
1369 511
1369 1522
1369 1874
1369 1899
1440 1833
1440 1874
1440 1258
1586 1258
1894 1144
1198 1144
852 1899
511 1501
1303 690
656 1144
412 203
1501 511
1258 1258
1278 511
1278 24
1833 1874
852 1144
852 1995
339 1144
1894 1144
829 1874
1963 1576
1963 203
1963 1874
1963 1833
1963 1586
1963 350
1963 1839
829 1258
1984 1
1874 511
690 1303
1874 312
1278 1144
1258 1874
1258 511
999 1309
999 511
999 1974
1770 90
1770 585
1770 511
1770 1369
1369 47
1369 1974
1369 1874
1369 668
1369 585
1369 1963
1369 411
1369 1549
1369 1440
1369 1144
272 272
1998 34
1998 1899
1874 1258
1833 1303
511 1894
511 1899
1440 1369
1670 1440
1258 1874
1894 1899
1894 999
1874 1669
1874 203
1874 1550
1874 329
1874 1987
1874 1768
999 1258
999 852
999 165
1440 511
1440 1874
485 387
485 1499
485 526
339 1144
1998 1874
1998 1258
1415 1415
1440 1833
1198 1144
1974 1874
1974 1258
1974 999
1248 1706
418 511
1992 1144
1992 1198
585 829
585 999
585 1792
585 1874
585 84
585 1767
585 412
585 1258
585 362
585 1768
1706 551
1874 1963
1874 999
1874 817
1874 411
1874 1258
723 1144
1894 1522
1894 1899
1894 1974
1894 852
1453 1144
1258 1144
1258 1899
1874 203
511 464
829 84
829 1833
829 203
829 1874
829 1563
829 1997
350 535
350 539
1198 1144
829 1874
829 1563
829 84
829 1997
829 203
252 1
551 1874
1501 737
852 999
1258 1874
511 1874
1580 1580
1198 1144
1874 1440
1874 511
1874 1369
585 1874
1258 203
1258 329
1258 1874
1258 1987
1258 419
1258 350
1258 1768
1874 1144
1874 585
1782 1278
1782 1144
723 1144
329 203
329 329
329 410
329 453
329 1874
329 1906
329 1258
329 1987
329 1768
521 1440
1198 1144
1198 1580
1587 1874
1587 1009
1874 686
1874 1874
511 1894
511 1899
511 1963
1258 1874
1874 457
1874 1833
1706 203
1706 539
1874 1833
203 1833
1576 203
1998 1144
1194 1144
350 1751
1369 1874
1369 1258
1369 1144
585 1144
350 1751
1843 1874
1198 1144
350 1874
203 535
1998 1144
412 420
412 1874
1833 1440
1874 350
1874 1258
1198 1144
1833 1586
1874 1925
1874 1874
585 1144
1258 350
1258 1874
1182 1706
1182 1742
1198 1144
1874 1258
511 1144
1874 1833
1874 1440
1998 1522
1998 1144
1998 999
907 1706
737 1144
1417 1874
580 1258
999 1144
999 1894
1278 1144
939 1144
939 1198
829 203
1258 1843
275 275
585 829
585 999
585 1792
585 1874
585 84
585 1767
585 412
585 1258
585 362
585 1768
1833 1874
1833 1586
1833 203
1833 1324
1625 1625
1782 1144
1782 1874
350 492
350 1486
350 1706
1894 1144
1278 1144
252 1
341 1706
517 517
939 1144
939 1369
1874 1768
1844 1144
1844 1874
1844 999
1974 1278
1974 21
1974 411
1974 999
379 1874
599 599
1953 1953
1258 1144
999 1278
999 1874
999 1258
999 1998
1258 1586
511 1899
420 412
420 1874
1634 1440
1634 1874
1634 1974
999 1874
999 1974
999 1963
999 1833
999 585
999 1258
1258 1144
1258 1998
1258 1580
217 1833
217 1899
217 1874
217 1258
217 1963
549 1874
1626 1626
1453 1144
137 1706
1258 1874
411 1874
411 1258
411 1963
411 999
838 1874
1440 1998
1874 1278
1874 24
1874 1278
1198 1144
1874 1874
1874 1829
1874 1874
1874 1854
1874 1467
1874 999
1874 1522
1874 1258
1874 1998
1874 852
1874 1440
1874 1580
1440 1144
84 1874
84 203
1369 1144
211 211
1874 350
1998 21
1998 1974
829 1258
203 539
1833 1586
1440 1874
535 829
535 203
535 1874
535 1833
535 1586
535 539
535 350
535 1727
535 1839
999 1144
1278 526
1278 1874
903 1144
903 1198
1874 829
1874 84
1874 203
1874 1874
1874 654
511 418
1874 350
1998 1586
1998 1874
1998 1258
1998 1833
1839 1768
1839 1639
1839 203
1839 1080
1 551
1634 1440
1874 829
903 1144
903 1380
1580 1144
341 1706
1874 1586
1998 1874
1998 1258
1998 1963
1998 999
1 526
1 1874
1 1283
1604 1874
1998 1144
1440 1369
1278 1874
1278 1258
1278 1963
1278 999
1930 1768
1930 1874
1930 203
740 1706
1706 1998
1576 203
1576 1874
1576 1963
1576 1833
1576 1586
1576 350
1576 1839
1258 829
1894 1144
1874 350
1874 1833
1874 1258
829 203
723 1144
1992 1144
1992 1858
1992 1198
1321 1706
1953 1953
465 1670
1380 1144
1706 1963
1706 1258
1706 411
1706 999
379 350
1440 629
1874 829
1874 210
1874 203
1874 535
1874 539
1874 1727
272 1144
1874 829
690 999
1580 1144
1580 1194
346 1706
585 1899
585 852
411 1743
1984 1
34 1144
1874 829
203 829
1625 1625
1874 1833
1874 1258
1874 1963
1874 999
1874 1906
1369 1144
24 1278
853 1706
853 203
853 1639
1894 1278
1894 1899
1258 1833
1258 1874
1258 1963
1974 1144
1932 1874
1894 1144
1369 21
1874 1440
829 1874
1258 1874
1258 1963
1258 1998
1258 999
350 1833
350 1768
350 1874
350 1258
350 203
1198 1144
1198 34
350 492
350 1258
350 1706
1874 350
1874 1539
1953 1953
1453 1144
999 1278
999 1144
521 1440
1998 1144
1198 1144
1953 1953
1415 1415
999 1899
999 1998
1874 800
1258 1874
1258 350
1258 1833
1258 1768
1258 1874
1258 203
690 999
1839 1120
1839 511
1839 1576
1839 203
1839 1510
1839 1323
1839 1830
1839 465
1839 1833
1839 999
1839 453
1839 1987
1839 1586
1839 1258
1839 539
1839 1669
1839 796
1839 1874
1839 1792
1839 1963
1839 1080
1839 419
1839 412
1839 1052
1839 1426
1839 1768
1839 1833
1839 1073
1839 1440
1839 479
1839 1674
1278 412
1278 1874
1278 829
511 1874
1751 1663
1751 1586
1751 203
658 658
585 1874
1874 511
341 1706
1440 1707
1258 1874
1258 1557
1768 1874
1198 903
1198 34
585 411
1874 731
1874 1874
903 1144
999 1278
999 21
999 1974
999 411
1839 1120
1839 978
1839 1576
1839 434
1839 1874
1839 117
1839 1382
1839 1987
1839 1135
1839 999
1839 1019
1839 916
1839 867
1839 2006
1839 1586
1839 1258
1839 1214
1839 1669
1839 965
1839 419
1839 796
1839 1962
1839 1323
1839 1963
1839 457
1839 155
1839 412
1839 556
1839 558
1839 1277
1839 713
1839 890
1839 574
1839 1845
1839 1833
1839 11
1839 827
1839 869
1839 1440
272 1874
272 1440
272 852
1874 203
535 1874
535 203
420 412
420 1874
1963 203
1963 539
511 1894
511 1974
511 1899
1874 1874
1874 1818
1874 1670
1278 1144
203 1874
203 1874
511 1874
511 1258
1974 737
1974 1144
1258 1874
420 1706
1992 217
1992 1144
1874 999
1258 419
1258 1792
137 1706
1625 1625
1974 21
1974 1998
1440 1144
852 1144
829 84
829 585
829 999
829 1792
829 1874
829 1767
829 1563
829 1258
829 362
829 1768
1882 1874
1440 160
457 1009
1198 1144
1369 1258
1369 25
1440 1833
1440 1258
852 1874
852 1258
1440 1144
465 817
535 203
1874 203
350 1258
350 1706
350 203
511 21
34 1899
1998 1874
1998 1258
1998 1963
1998 999
829 1874
1278 1144
1453 1144
1974 1144
1 411
1974 999
1974 1874
1974 1963
1974 1833
1974 585
1974 1258
350 853
1628 1
1706 1258
1833 1874
1833 1258
1625 1625
620 1874
442 829
442 1874
908 1874
887 1874
1894 1144
412 412
412 1874
907 1706
1625 1625
1440 1144
1833 1874
1833 1258
1874 1258
1833 1440
511 1874
511 1258
1522 1144
829 1874
1809 1706
55 1874
55 1258
419 1258
419 1792
498 1706
999 1874
999 24
1580 1144
1580 34
1198 939
1440 1874
1874 1963
1874 1278
1874 1258
1874 1998
1874 999
1278 21
1278 1974
1974 1144
1974 34
1974 1380
1874 1670
1258 350
1258 1874
1870 1870
24 1549
24 1663
24 735
203 1874
1369 1369
1833 1874
1833 1258
999 1963
999 1974
999 1080
999 585
999 1639
999 1258
203 1768
362 1465
1874 1963
1874 1258
1874 411
1874 999
203 1874
1586 1440
689 1706
203 84
203 1080
203 535
203 829
1874 580
1706 1258
1874 1468
1440 60
1440 1833
217 585
217 1899
1670 1874
511 24
1974 1278
1974 21
1974 411
1974 999
1930 1590
1998 34
1998 852
1998 25
1369 1894
1369 1899
1369 1998
1369 999
599 599
535 1874
203 829
1768 350
1768 1874
1768 535
1768 203
1054 1874
1586 1874
1522 1258
1522 1899
905 1510
905 1691
905 1650
905 146
905 1556
203 1874
1440 60
1874 580
1874 1258
1998 1874
1998 1258
1998 999
1586 1833
620 1874
1198 1144
511 419
511 120
1198 1144
1874 1258
1874 1874
1874 511
1453 1144
1453 34
1258 1899
1874 1974
517 517
383 511
1258 1874
1258 1899
1998 1899
1998 25
34 1144
1321 1706
1580 1144
1580 585
1874 526
1874 511
1874 1258
939 1144
939 1198
585 829
585 119
585 1874
585 668
585 412
585 1258
585 579
585 1214
585 1768
1390 930
1974 1278
1974 411
1522 1899
1522 411
350 1912
350 15
350 1706
1987 1874
1258 350
511 1522
511 1974
511 1899
350 1874
1874 1269
1874 1440
211 211
1440 1833
1670 1440
1670 465
1998 1899
1998 999
1440 1874
1874 511
1874 1258
1998 1899
1998 824
1998 1894
1998 511
1998 1974
1894 1899
1894 999
55 1874
55 1258
1894 1144
1440 1580
467 1706
999 1144
1809 1706
585 1144
1874 345
1522 511
1522 1974
1522 1899
1198 1144
757 350
1198 1144
829 1874
829 210
829 203
829 535
829 539
829 1727
203 350
203 1833
203 1768
203 1874
203 1258
1198 1144
549 1874
1586 945
1586 345
1586 1874
1278 21
1278 411
1998 34
1998 1899
1278 1144
1626 1626
1501 999
1874 75
1874 177
1874 1258
1874 1899
1874 1522
1874 511
1874 1899
1706 585
1706 1258
379 1874
1874 887
1258 1874
1998 1874
1998 1974
1998 1258
999 1440
999 1874
999 1258
1945 1706
1874 585
1874 350
1874 1751
1625 1625
1543 1874
1543 1440
1768 1874
350 1839
203 1833
1992 1144
1992 1198
838 1874
1998 1899
1998 1522
1998 1874
1998 1974
1998 1894
1998 511
1998 852
1894 1144
350 1833
999 1144
32 1706
1912 1874
1369 1899
1369 1258
1369 25
526 1874
1963 1833
1963 1874
1874 1278
1874 829
1874 1768
1874 1258
1874 203
137 1706
1369 1833
1369 1894
1369 511
1369 1899
1369 1963
863 1706
1198 1144
1586 1440
1706 90
1706 1770
1706 585
1706 511
1706 1369
1258 1278
1258 1874
1258 1963
1258 999
203 350
203 829
203 1874
203 535
203 412
1833 350
1833 1586
457 1768
465 383
1874 1258
1953 1953
511 1501
462 1258
462 1706
1453 1144
1809 1706
1974 1874
1974 1258
1974 1963
1628 1
1198 1144
999 1278
999 1874
999 1258
999 1963
1440 1792
511 1522
511 999
1874 1829
1874 1874
34 1899
1440 1792
1580 1144
1580 1998
1874 1440
1874 1580
1833 1894
1833 511
1833 1899
1833 1963
498 1706
903 1144
903 1440
1278 1144
1580 1144
1580 1440
1874 922
1768 798
1844 1278
1844 1144
84 829
84 1874
829 1874
829 210
829 203
829 535
829 539
829 1727
1932 1874
420 412
420 1874
1874 1874
1874 337
1874 586
1874 1258
1874 1644
1874 1768
1874 1258
411 1874
411 1258
411 1963
411 999
1894 1974
1894 1899
1998 1144
1440 1144
1380 1144
1874 21
1874 350
1874 1833
1874 203
829 203
829 1874
829 1563
829 535
829 539
829 1839
1874 350
1874 526
1369 1899
511 1874
539 829
539 999
539 1792
539 1874
539 1563
539 1767
539 585
539 1258
539 362
539 1768
580 1874
1874 1440
1874 829
1440 60
1440 1833
1743 411
1833 1874
1833 1258
1809 1706
1974 1894
1974 511
1974 1899
1833 1894
1833 511
1833 1899
1833 1963
1927 457
1927 1768
1510 1874
272 272
852 1874
852 1258
852 999
350 1833
350 1768
350 1874
350 1258
350 203
203 829
999 217
999 1899
999 1998
151 1586
151 1874
151 1751
1 771
1 1874
1278 1144
1874 829
1987 798
1369 1144
1874 1768
1278 24
1198 1144
1198 999
1198 1580
1258 1144
1932 1874
1522 1144
1628 1
1998 1874
1998 1258
1998 1963
1998 999
999 1963
999 1278
999 1874
999 1258
999 1998
1625 1625
1874 1144
1569 1706
999 1269
999 536
1258 25
1440 1580
829 1874
1440 786
1258 1899
1998 1899
1522 1899
1522 1974
1522 1894
1522 511
1522 1998
1522 852
1278 1144
585 1874
1782 1144
1782 1198
1874 1874
1874 366
1906 1874
511 1522
1440 1874
1874 1258
217 1899
217 1998
1440 786
350 1874
1501 1874
1894 1278
1894 1874
1894 1258
1894 1998
1894 999
999 1144
999 1194
1291 1291
1833 350
1258 1874
1278 1144
1369 1874
1369 1258
1957 1874
412 1874
1580 1144
1580 585
999 1144
829 1874
1874 420
1998 1144
1998 34
1998 1580
1874 1258
1833 350
1833 1768
1833 1874
1833 1258
1833 203
1011 465
45 1144
1998 1874
1720 1706
740 1706
999 1080
999 1073
999 1974
999 1998
999 1258
1440 1670
629 1440
591 1874
1874 312
1998 1144
1998 511
1998 1874
1998 1258
1874 1586
1874 1440
757 1874
1582 1953
549 1874
903 1144
903 1198
1258 1874
939 1144
939 1278
939 1198
1768 1258
511 1874
1580 1144
1580 1440
1839 203
1839 1874
1839 1963
1839 1833
1839 1586
1839 350
25 1258
1198 1144
511 1576
511 418
1580 1144
1580 1198
350 1874
1894 1144
411 465
829 84
829 1874
829 203
535 829
535 1768
535 1874
535 1833
535 203
535 539
535 1839
1874 1541
852 1522
852 1974
852 1899
1874 535
549 1874
1440 60
1440 1833
1198 1144
412 84
412 829
412 1874
412 1997
412 203
1743 411
1782 1144
1782 1440
1874 1874
1998 1144
580 1874
1792 1258
1628 1
217 585
217 1899
217 411
1874 1522
1874 511
1874 1998
1706 829
252 1
1468 1874
1874 620
419 465
511 1874
1380 1144
1278 345
1278 1874
1278 1258
1278 999
1239 1144
585 1899
585 1894
585 1974
585 1998
1586 1874
1874 1833
1874 1586
1974 1899
498 1706
1198 1144
1258 350
1258 1874
1269 536
1269 999
1278 1144
350 1874
737 1144
1874 1440
1874 999
1198 1144
1198 1144
420 412
420 1874
1894 1144
1269 1440
1269 1278
1269 1874
1874 350
1874 1833
1874 1768
1874 1258
1874 203
723 1144
1874 1258
1258 1899
1874 1009
737 1144
737 1179
737 1652
1874 350
1874 1258
1974 1522
1974 1899
521 594
521 1874
580 1258
580 1874
1906 1874
1198 1144
1874 1742
411 930
411 1390
1874 1768
1198 1144
1510 39
1510 1874
1510 1011
1510 383
1510 306
1510 1792
1510 817
1258 1874
1874 549
350 1833
350 1768
350 1874
350 1258
350 203
829 1874
829 1258
1580 1440
1580 1874
1580 511
1974 1833
1974 1874
1974 1258
1974 1963
1974 999
1963 1874
599 599
1963 1833
1963 1874
1963 1258
1440 265
1999 1
999 1874
1258 1874
1278 1144
350 1539
1625 1625
1974 1278
1974 585
1974 511
1505 1874
1505 1912
1580 1144
1580 34
1580 1998
829 1874
535 539
1874 1258
1912 375
1912 15
1912 1874
1912 1208
1258 829
1809 1706
1906 1874
1369 217
1369 1899
1369 1874
1369 1963
1369 1833
1369 1258
1874 829
1874 1258
1522 1899
1522 999
1522 852
1522 1998
1522 1258
137 1706
1670 1874
1670 465
1874 1258
24 1278
24 1874
412 511
412 1874
412 1258
629 1440
903 1144
903 1380
1743 411
457 1009
55 1874
55 1258
1501 737
999 1144
1974 21
1510 905
1510 1691
1510 1650
1510 146
1510 1556
412 829
1303 1833
203 1874
1874 1874
1874 1258
1874 366
1706 375
1874 1067
1874 1874
585 1874
852 1144
852 999
1440 1202
1278 1963
1278 1874
1278 1258
1278 1998
1278 999
1874 1278
1874 345
1874 1258
1874 999
737 1144
737 628
737 553
1258 350
1258 1874
829 1874
34 1144
1369 1874
1369 2012
1369 1440
1369 1258
412 1768
412 153
412 1874
412 362
521 1874
521 511
1874 350
1874 203
1541 1874
350 1833
137 1706
585 999
585 1874
585 1974
585 1963
585 1833
585 1258
829 1874
1844 1144
1844 1440
1833 1899
350 1833
350 1768
350 1874
350 1258
350 203
1998 1874
1998 1258
1998 1963
1998 999
999 1309
999 511
999 1998
1957 1874
1833 1874
1833 1258
585 1144
737 1144
1874 999
1194 1144
1453 1144
411 21
1369 1899
1369 999
1369 1522
1369 1874
1369 1258
1369 1998
1369 852
1539 350
1839 1586
1839 1258
511 104
511 1874
511 1258
511 1998
203 1833
1440 1616
1874 1258
1874 1586
1874 153
1874 1768
1874 203
1874 1987
465 1792
465 1874
904 1144
350 1963
350 436
350 1706
350 203
1582 1953
350 379
1440 1874
1894 1899
1894 1369
511 1839
1874 1557
585 1874
656 1144
1874 1833
806 1874
806 1963
829 1874
829 1258
585 1144
999 1894
999 1899
817 31
535 1874
535 1685
535 1963
1522 511
1522 1899
1269 536
999 1144
1874 1440
1 1874
1894 1144
1874 1440
1874 511
863 1706
585 1899
34 1144
403 1144
1974 21
1768 1874
1874 1839
1874 1963
1833 1874
1833 1258
465 511
465 383
1625 1625
1258 1874
1644 1874
1644 1258
1833 457
203 350
1198 1144
887 1874
203 535
1625 1625
1839 539
1510 1874
723 1144
737 1144
737 628
737 553
1833 1874
1833 1963
585 1144
90 1874
1874 999
1440 629
1179 1874
1179 1439
1440 1580
1181 1706
350 1874
1874 1440
1874 1586
1440 1874
999 1144
999 429
137 1706
203 1874
203 1387
203 1586
203 1751
203 1258
1874 462
1874 1258
133 1706
1440 1144
1580 1144
1580 1198
1440 1586
1874 1258
605 1144
1992 903
1992 1144
1992 1440
1992 1998
932 1874
1768 350
511 585
511 1874
511 1258
829 1278
412 420
412 1874
922 1874
1874 203
903 1144
1874 350
1874 1833
1874 1258
1258 1144
1894 1144
1874 1570
1874 1874
350 203
511 21
511 1899
418 511
1258 1874
908 1874
312 1874
411 1874
411 1258
411 1963
411 999
1833 1874
1833 1586
1833 1839
1833 203
1833 1258
1874 1140
1874 829
1874 1258
1963 350
1963 1874
1963 1839
1618 1874
1839 1120
1839 978
1839 1576
1839 434
1839 1874
1839 117
1839 1382
1839 1987
1839 1135
1839 999
1839 1019
1839 916
1839 867
1839 2006
1839 1586
1839 1258
1839 1214
1839 1669
1839 965
1839 419
1839 796
1839 1962
1839 1323
1839 1963
1839 457
1839 155
1839 412
1839 556
1839 558
1839 1277
1839 713
1839 890
1839 574
1839 1845
1839 1833
1839 11
1839 827
1839 869
1839 1440
585 1144
1839 1120
1839 1576
1839 434
1839 1874
1839 1241
1839 904
1839 713
1839 1135
1839 999
1839 1278
1839 453
1839 916
1839 867
1839 385
1839 666
1839 1586
1839 1258
1839 1214
1839 1669
1839 965
1839 558
1839 796
1839 1962
1839 1323
1839 1963
1839 457
1839 155
1839 412
1839 1816
1839 556
1839 1670
1839 574
1839 1845
1839 24
1839 1833
1839 827
1839 869
1839 1440
1874 1510
1874 465
1258 350
1258 1874
1278 1144
1550 1768
1550 329
1550 203
1550 1987
346 1706
252 1
1894 1144
585 412
585 1874
511 464
1927 1874
1927 535
1927 203
1258 1144
1768 1874
829 1874
1912 1874
1998 1144
1582 1953
1278 411
1809 1706
1440 1839
1874 829
1874 1258
1874 526
1874 1499
1874 888
1021 1021
1278 1144
1874 1309
1874 511
1874 1998
1874 999
1906 1874
457 1833
1874 1566
939 1144
939 723
1258 1874
1580 1144
1580 1998
1258 1833
1258 1751
1992 1144
1992 999
24 1278
350 1833
350 1768
350 1874
350 1258
350 203
1720 1706
1894 511
1894 1899
1522 585
1522 1899
907 1706
1957 1874
1998 1144
1998 34
1998 1580
137 1706
1586 1998
1998 1144
1874 31
1974 1144
1974 1369
1874 203
383 511
1198 1144
1874 1670
1874 1987
1198 1144
852 34
350 203
203 1874
411 1874
411 1258
411 1963
411 999
511 418
1998 1874
1998 1258
1998 1963
1998 999
511 464
34 1144
999 1144
999 1194
999 1874
1278 21
1278 1974
1974 1144
1974 1369
1874 1906
1580 1144
1580 1998
1874 1833
1874 1586
1874 203
1278 1144
999 1874
999 1963
999 1998
999 1258
1874 203
1874 1833
1874 1586
1874 1258
1874 350
1874 1768
1625 1625
1998 1269
1998 536
1874 829
1874 203
1874 412
1874 539
1874 203
1874 732
1874 1987
1874 153
1874 1586
1874 1768
1874 1543
1874 1715
1874 1258
1874 1899
1874 1522
1874 511
1874 1276
1874 1998
1874 852
1198 903
539 829
539 203
539 1874
539 1833
539 1586
539 535
539 350
539 1727
539 1839
350 1874
1625 1625
1369 1144
1874 863
1874 163
903 1144
1440 1144
535 350
1625 1625
1628 1
1440 1874
1874 620
963 511
1258 829
1628 1
1009 457
585 1258
1874 720
1874 153
350 1258
1625 1625
511 1899
411 21
1440 1833
829 1874
203 350
1278 1894
1278 1874
1278 1258
1278 1998
1278 999
1 1874
1258 829
1198 1144
1998 34
1998 1899
1998 999
1743 411
1894 1144
903 1144
903 1874
1874 1144
1874 999
829 1874
1878 1874
1021 1021
25 1258
585 1144
1874 1833
1874 1586
1874 999
1809 1706
1998 1586
1874 1440
1874 1833
1874 1258
1258 350
1258 1833
1258 1768
1258 1874
1258 203
1510 39
1510 1874
1510 1011
1510 383
1510 306
1510 1792
1510 817
350 1706
585 1144
93 853
1670 1874
412 829
412 1874
1963 1833
1963 1874
1963 1258
1963 999
1894 1144
1440 1874
534 1874
1440 465
411 1743
1989 1989
350 1874
1580 1144
1580 1198
1258 1638
1258 829
1258 1874
1258 539
922 1706
999 1833
999 1974
350 1258
1927 203
1258 945
1258 345
1258 1874
93 1874
457 1144
1720 1706
829 1874
829 1258
1501 511
1874 412
1874 84
1874 203
1874 829
203 1874
1844 511
1844 1501
1278 1144
1974 1874
1874 999
1706 1258
1874 203
350 1751
1706 1685
1706 1963
1706 535
829 84
829 1833
829 203
829 1874
829 1563
829 1997
1440 1670
829 1874
1874 1874
1874 1778
465 1743
1497 1874
1440 1833
203 539
1974 511
1974 1899
585 1144
1839 1963
1440 1833
1932 1874
151 462
151 1874
151 1801
151 436
151 1751
339 1144
1874 829
465 1874
1 686
1 1874
1198 1144
999 1278
999 585
999 511
999 1974
1874 329
1874 1258
1522 511
1874 370
526 1499
34 1198
217 1144
1782 1278
1782 1144
1963 1899
723 1144
1278 1874
1278 1258
1278 1963
1278 999
1894 1144
1440 1144
1278 1144
412 585
412 1874
1874 1258
1998 34
1998 1899
1874 1906
203 1874
1874 350
1874 1258
511 1874
511 1258
1998 992
1998 511
1453 1144
1625 1625
1720 1706
1278 1874
1278 1258
411 1874
411 1258
411 1963
411 999
1999 1
1833 1874
1833 1258
1625 1625
585 1144
585 1369
1874 1874
1874 672
1974 1144
852 1874
852 1440
1894 511
1894 1974
1894 1899
1582 1953
585 1874
1874 1258
1258 1833
1258 1874
1258 1440
852 1144
852 34
1440 1874
1258 1278
1258 1874
1258 1963
1258 999
1580 1144
1580 1198
1874 829
1874 999
1874 1792
1874 84
1874 1767
1874 585
1874 1258
1874 362
1874 1768
1874 412
370 1706
84 829
84 1833
84 203
84 1874
84 1563
84 1997
1440 1144
1894 1144
1278 829
1278 1874
1877 1706
511 1874
24 31
1440 1586
412 829
412 999
412 1792
412 1874
412 84
412 1767
412 585
412 1258
412 362
412 1768
853 1134
853 1751
853 35
853 1706
853 323
853 350
853 93
1874 1440
1772 1874
350 1874
1415 1415
1258 1874
1258 829
1258 1874
24 511
629 1440
412 511
1625 1625
1906 1874
1963 1899
737 1144
737 628
737 553
1874 1440
1874 411
1874 1792
829 84
829 1874
829 1997
829 203
829 1563
1874 585
1468 1874
1874 1096
1953 1953
1440 1844
1586 1833
1586 1874
1586 999
362 511
362 412
362 1874
362 1258
165 1258
165 852
165 999
1258 350
1258 1874
594 1874
1258 350
1258 1874
1237 1706
585 1874
1278 1522
1278 1899
585 217
585 1899
1998 1144
411 1278
411 21
411 1974
411 999
1415 1415
1440 1833
1440 786
1874 1742
1258 1874
511 1501
34 1144
511 1894
511 1974
511 1899
1974 1634
1974 1874
1974 1440
817 31
1706 829
1380 1144
1874 698
1874 1874
1415 1415
1839 1586
1839 1963
1278 829
1278 1874
511 1144
350 492
350 1258
350 1706
1499 1874
461 1874
999 1144
1291 1144
1291 1998
1440 1839
585 1522
585 1899
1874 829
1874 1258
939 1144
939 1369
203 829
1792 1440
1792 411
1258 1894
1258 1899
1183 1706
1198 1144
737 1144
1258 350
1258 1833
1258 1768
1258 1874
1258 203
1963 1833
1963 999
1963 1874
1963 1974
1963 1258
829 442
829 1874
1440 1833
511 1874
511 1440
511 852
511 272
1440 1874
1278 829
1278 1874
1278 735
1278 24
1906 1874
1580 1144
1580 1974
1706 1761
1963 1833
1963 1874
1963 1258
1912 1586
1198 903
1198 1144
1198 34
585 1258
1874 686
1874 1874
585 1899
1258 1522
1974 21
1974 1144
1974 1369
1998 1874
1998 1258
24 511
740 1706
457 1587
457 1927
457 1874
1737 115
339 1144
203 1874
25 34
25 1899
25 1998
25 999
841 1144
1369 1874
594 521
511 1874
346 1706
350 1874
350 1258
1706 375
1894 1522
1894 1899
1894 1974
1894 852
930 411
350 1874
853 350
829 203
829 1563
829 1874
829 535
34 1144
829 1874
907 1706
1706 1258
1706 1963
1706 1998
1706 999
1953 1953
511 1874
1198 1144
1198 1998
1998 1144
1974 1144
1440 1874
1440 1258
1874 502
1894 585
1894 1899
1894 852
1198 852
1198 999
1440 1874
465 412
465 1874
465 817
1278 1144
350 1874
1522 1309
1522 511
1522 1974
1522 999
1670 1874
1670 465
90 585
90 511
90 1369
999 1144
999 1899
999 1522
999 1874
999 1974
999 1894
999 511
999 1998
999 852
1839 963
203 1874
511 1874
511 1258
203 1874
203 412
203 84
203 829
1625 1625
1626 1626
1874 1833
1874 1586
1874 1258
1874 203
1258 1874
1258 55
1522 1899
1522 1894
1522 511
1522 1960
1522 1998
1792 1258
1369 217
1369 1899
1369 1998
1369 999
999 1144
1706 999
1706 1974
1706 1258
1258 585
1258 1874
418 511
418 1576
1992 1144
1992 1198
1927 1874
1927 203
1440 1833
1258 1369
34 1144
339 1144
903 1144
903 1440
465 1874
1874 945
1874 350
1874 345
1625 1625
1833 1440
1998 1874
1998 1258
350 1706
350 203
350 1639
585 412
1727 203
1625 1625
903 1144
903 1198
1291 1291
1874 77
350 1874
1440 1369
1974 1080
1974 1073
1974 1258
1974 1998
1974 999
1522 1144
1522 999
511 1874
511 1258
1998 34
1998 1899
658 658
511 1309
511 1998
999 1144
1874 350
1874 203
1874 412
1874 362
1258 1874
1874 1768
1874 1987
1874 329
1874 203
1874 1550
1580 1144
1580 999
829 1258
203 1874
535 203
903 1144
903 723
1374 1706
203 829
829 1874
999 1522
999 1144
1782 1144
1782 656
1369 1874
1369 1258
1278 1144
585 829
585 999
585 1792
585 1874
585 84
585 1767
585 412
585 1258
585 362
585 1768
817 1073
817 104
817 1874
817 1258
817 411
549 1874
585 1144
1874 350
1874 1833
1874 1768
1874 1258
1874 203
1586 1874
1814 1
1874 829
1874 585
1874 668
1874 579
1874 1258
1874 119
1874 1214
1874 1768
1874 412
1912 1874
1912 1505
1440 1874
1269 536
1833 1874
1833 203
203 1874
1369 1894
1369 585
1369 47
1369 1974
1258 350
1258 1833
1258 1768
1258 1874
1258 203
999 1144
549 1874
79 1706
1953 1953
1440 1144
350 1874
1625 1625
420 412
1440 1586
1352 326
1352 1056
511 992
1706 1497
1874 1258
1874 1998
1258 852
907 1706
1768 1874
1258 1874
1669 203
1669 1550
1669 1874
1669 329
1669 1987
1669 1768
1874 1586
1874 1963
1198 1144
1258 350
1258 1833
1258 1768
1258 1874
1258 203
511 1080
511 1073
511 1258
511 1998
511 999
1874 659
1874 1987
1874 203
411 1144
1768 203
1278 1144
1782 1144
1782 1198
1580 1144
1580 585
1258 1874
1278 47
1278 1874
1278 1258
1278 999
1258 1874
412 829
412 1874
412 1963
412 1586
412 539
412 1768
1625 1625
549 1874
1894 1258
1894 1899
689 1706
585 1899
829 84
829 1874
829 203
1992 217
1992 1144
411 1874
1894 1258
1894 1899
1999 1
1628 1
1586 1440
1010 1144
350 1874
350 1258
939 1144
939 1278
939 1198
1874 1278
1874 1874
1874 1662
1874 1268
341 1706
1669 203
1009 1874
511 21
511 1899
511 1874
1497 1874
1874 829
1874 1258
1258 1874
1998 511
1998 1874
1998 1258
1974 1144
829 1258
1974 21
1522 1833
1522 1899
1974 1874
1974 1258
1974 411
1874 1833
1874 1258
1874 1963
829 1874
1258 350
1258 1874
1874 511
1874 1258
1998 1144
347 1874
1625 1625
350 1874
350 1258
252 1
1768 345
1258 1874
1874 347
498 1706
1874 1604
1440 60
203 1927
1369 1894
1369 1899
551 1874
465 1440
411 1743
585 1899
25 1899
25 1998
1198 1144
720 1874
203 1833
999 1440
999 1874
34 1144
34 1580
585 1144
465 628
465 1011
1894 1974
1894 1899
1998 1899
1874 1278
1874 345
1874 1258
1874 999
1874 511
1874 1258
1874 1998
511 1874
350 1874
1440 1634
585 1144
999 1278
999 1894
999 1874
999 1258
999 1998
740 1706
999 1854
999 1467
999 1522
999 1874
999 1258
999 1998
999 852
1874 853
1874 1134
1874 1751
1874 35
1874 323
1874 350
1874 93
34 25
34 852
1894 1144
1522 1278
1522 1899
999 1874
1768 1874
1369 217
1369 411
999 1144
1874 343
1874 1874
1440 1833
999 1963
999 1874
999 1258
999 1998
1998 1899
999 1874
999 1258
999 1998
1369 1258
1369 1998
903 1144
903 1380
511 21
511 1974
829 1563
1586 1998
1844 1501
1844 999
829 1874
1874 1258
585 1874
1198 1144
1879 1706
203 1874
718 1
25 1258
25 1899
1440 1586
341 1706
1580 1144
1580 1198
341 1706
1874 698
1874 1874
1874 933
1874 1874
1009 1874
806 1874
806 1963
1706 1497
539 829
539 1874
539 203
539 1563
999 1278
999 1874
999 1258
999 1963
1874 1833
1258 1874
1258 833
1998 1522
1998 511
511 1974
511 1899
1874 549
1580 1144
1580 1440
370 1874
1874 944
999 1992
999 1144
999 1198
1369 1144
1258 1874
511 1144
1278 1440
1278 1874
1453 1144
137 1706
1953 1953
203 1874
1930 1258
1874 999
1586 1874
1586 1258
585 829
585 999
585 1792
585 1874
585 84
585 1767
585 412
585 1258
585 362
585 1768
1833 1874
1833 1258
1833 1963
1833 999
1440 1144
412 585
412 1874
1628 1
1369 1369
1874 1541
1670 465
1194 1144
1874 153
25 1258
25 1899
999 1144
1894 1144
203 1874
1874 1974
1874 1998
1874 1258
1874 188
1874 1874
1586 1833
1874 629
903 1144
903 1369
1258 1144
329 1987
329 1768
329 203
329 1550
585 829
585 999
585 1792
585 1874
585 84
585 1767
585 412
585 1258
585 362
585 1768
203 350
1998 1144
1953 1953
1291 1144
1291 585
1291 1874
511 1894
511 1974
511 1899
1440 1471
363 1706
1440 60
1440 1833
999 1874
999 1963
999 411
999 1258
1670 1874
1670 1440
1874 1268
1670 1874
1670 1440
1874 1874
1874 1258
1874 366
999 1874
999 1258
999 1998
1628 1
411 21
411 1974
1874 829
1874 203
1874 1833
1874 1586
1874 535
1874 539
1874 350
1874 1727
1874 1839
25 1258
25 1899
517 517
217 1874
217 1899
252 1
1706 1930
511 1874
511 1258
1634 1874
1634 1974
1634 2008
1874 694
1874 1258
1874 55
1194 1144
1522 1899
1522 1963
903 1144
903 1974
903 1369
203 1833
203 853
203 1874
203 1258
350 492
350 15
350 1258
350 1706
350 203
1278 1144
1874 1616
1839 203
1198 1144
1874 1501
1874 1258
1874 852
99 1706
1440 1144
904 1144
1894 1144
585 1874
1953 1953
1258 350
1258 1874
1198 1144
1974 1278
1974 21
1974 585
1974 1874
1440 1998
585 1899
1874 863
1974 1899
411 1874
411 1258
411 1963
411 999
252 1
1198 1144
999 853
999 1874
999 1833
999 1258
999 1303
999 690
350 895
895 350
1625 1625
1287 1536
1287 895
895 1906
1813 1287
1813 1619
1813 155
1813 895
793 1889
895 453
1011 895
793 1889
793 1889
895 329
895 1906
793 1889
793 1889
793 1889
1287 453
895 1287
895 1601
895 453
793 1889
1550 1536
1550 1287
266 266
691 895
691 1287
869 895
350 895
793 1889
895 421
1906 425
1906 1039
793 1889
1906 1906
793 1889
793 1889
895 155
895 1287
895 1619
793 1889
895 713
793 1889
793 1889
1906 329
1906 1669
1906 895
453 895
713 895
279 895
453 895
882 1906
882 1306
882 1377
882 1594
882 1159
882 246
793 1889
882 1906
882 1306
882 1377
882 1594
882 1159
882 246
1287 895
1277 56
793 1889
895 453
1625 1625
498 246
793 1889
421 895
1287 895
793 1889
793 1889
1287 1669
1287 895
895 1287
895 1906
1287 1536
1625 1625
895 453
1906 246
793 1889
793 1889
793 1889
453 56
1550 895
793 1889
793 1889
793 1889
895 1287
1625 1625
1906 329
793 1889
1011 895
793 1889
793 1889
1669 56
1500 1011
1059 1906
793 1889
793 1889
793 1889
895 713
882 1906
882 1306
882 1377
882 1594
882 1159
882 246
793 1889
1906 895
1287 453
895 1669
1625 1625
793 1889
895 1011
897 1906
1669 56
793 1889
1796 1678
895 1906
895 1906
895 1906
763 997
498 246
793 1889
483 895
1234 1500
421 895
1770 1770
793 1889
895 209
793 1889
793 1889
702 453
702 1277
1287 895
793 1889
825 895
895 869
453 895
29 246
895 1287
793 1889
645 246
1906 1669
1906 895
453 895
793 1889
793 1889
691 895
691 1287
498 246
793 1889
1287 453
266 266
793 1889
882 1906
882 1306
882 1377
882 1594
882 1159
882 246
882 1906
882 1306
882 1377
882 1594
882 1159
882 246
956 895
1287 895
793 1889
793 1889
793 1889
869 895
1550 702
1550 895
1550 1287
793 1889
453 1277
793 1889
1500 1763
895 417
1669 56
1287 895
793 1889
793 1889
1500 1011
1906 1306
1906 1377
1906 882
1906 1594
1906 1159
1906 246
702 56
702 1277
702 691
793 1889
1669 56
1500 713
1500 1952
895 329
895 1906
793 1889
793 1889
1906 246
1906 1594
1906 1306
1906 1159
1906 1377
1287 453
329 895
329 1906
895 453
895 820
895 329
895 1550
713 895
1339 246
895 1287
1798 895
209 895
1287 895
1625 1625
90 90
895 453
1287 895
793 1889
793 1889
793 1889
793 1889
793 1889
793 1889
793 1889
453 895
897 1906
793 1889
882 1906
882 1306
882 1377
882 1594
882 1159
882 246
793 1889
1500 1550
793 1889
453 895
793 1889
793 1889
793 1889
793 1889
793 1889
895 1971
793 1889
1287 895
1287 1601
793 1889
895 329
895 1906
895 1906
869 869
1287 895
1536 895
1536 1287
895 691
895 1287
882 1377
882 1952
882 1306
882 1159
882 246
1011 895
882 1906
882 1306
882 1377
882 1594
882 1159
882 246
453 56
1287 453
793 1889
793 1889
793 1889
793 1889
793 1889
895 1287
793 1889
793 1889
702 895
702 1287
702 1550
793 1889
793 1889
895 1763
350 895
895 1011
895 1798
895 1763
793 1889
895 1906
1619 155
1619 895
1619 1287
897 1500
793 1889
895 1287
1500 453
1500 1601
209 895
453 895
895 350
895 209
956 895
895 209
1500 209
793 1889
1287 895
793 1889
895 1619
895 1669
895 453
895 730
895 713
895 1906
793 1889
895 1287
793 1889
498 246
895 1287
895 1906
793 1889
793 1889
793 1889
498 246
793 1889
1238 246
793 1889
793 1889
882 1906
882 1306
882 1377
882 1594
882 1159
882 246
793 1889
793 1889
895 956
793 1889
895 1906
793 1889
793 1889
793 1889
882 1906
882 1306
882 1377
882 1594
882 1159
882 246
793 1889
895 350
793 1889
1500 453
793 1889
1906 329
793 1889
895 691
895 1287
1287 895
979 246
793 1889
1287 1550
1906 895
1287 895
895 956
1669 56
793 1889
430 246
1287 895
793 1889
124 895
1906 895
1906 1550
1906 1913
1906 895
793 1889
793 1889
1906 895
793 1889
793 1889
350 895
1234 1500
882 1906
882 1306
882 1377
882 1594
882 1159
882 246
702 895
702 1287
793 1889
1011 895
1500 453
1906 246
793 1889
793 1889
793 1889
793 1889
1277 56
895 869
1669 56
1287 155
1287 1619
453 895
1798 895
793 1889
793 1889
1287 691
1287 895
793 1889
793 1889
793 1889
793 1889
895 329
895 1763
329 1906
1906 895
793 1889
882 1906
882 1306
882 1377
882 1594
882 1159
882 246
1669 329
1669 895
498 246
793 1889
793 1889
1277 56
1277 702
1277 691
1500 1011
793 1889
1333 246
691 1277
691 56
882 1377
882 1952
882 1306
882 1159
882 246
793 1889
793 1889
793 1889
793 1889
1906 1039
1287 691
793 1889
793 1889
895 483
895 691
895 1287
793 1889
793 1889
1906 895
1619 895
1906 895
1287 453
498 246
793 1889
993 58
993 869
1625 1625
1625 1625
869 993
315 1701
993 993
1369 1369
315 1701
869 993
993 697
993 869
737 737
1519 1701
993 869
993 38
869 993
1617 993
1797 1701
1625 1625
1625 1625
1625 1625
266 266
341 1701
993 869
1 993
993 869
993 869
737 737
1258 1258
1625 1625
1669 56
1625 1625
315 1701
453 56
1669 56
993 869
341 1701
1625 1625
1797 1701
498 1701
1797 1701
691 993
1625 1625
993 1617
737 737
993 697
341 1701
1277 56
869 993
1625 1625
1669 56
702 56
702 1277
702 691
1630 1701
341 1701
341 1701
1625 1625
1625 1625
301 301
498 1701
1669 993
993 869
993 1669
1625 1625
266 266
1625 1625
993 869
1671 993
511 511
993 327
993 909
1625 1625
453 1277
1669 56
1440 319
1440 96
1440 738
1440 1903
1440 653
1440 239
1440 184
1440 1144
1440 56
702 453
702 1277
498 1701
737 737
1625 1625
993 1669
993 531
432 993
993 869
498 1701
1987 798
498 1701
993 869
341 1701
206 1701
1625 1625
58 993
631 993
1369 1369
1258 1258
869 993
691 993
341 1701
498 1701
993 1398
993 1602
1752 1701
1625 1625
1920 993
993 869
993 1602
1625 1625
1625 1625
1625 1625
869 993
1625 1625
341 1701
993 691
1369 1369
1797 1701
1797 1701
1797 1701
1797 1701
453 56
993 1920
1768 798
618 1701
341 1701
1931 1701
1 993
1625 1625
1625 1625
315 1701
1987 798
869 869
1625 1625
869 993
1625 1625
993 869
1797 1701
1797 1701
869 993
1625 1625
1625 1625
1625 1625
993 631
82 1701
1625 1625
1906 1906
1 993
1857 993
1312 38
1312 993
1625 1625
737 737
1519 1701
1797 1701
993 1617
1617 993
993 869
993 122
993 1857
993 1923
993 58
1625 1625
498 1701
869 993
737 737
993 1669
1461 1450
993 1617
993 691
1625 1625
1625 1625
1625 1625
993 869
1625 1625
993 869
1625 1625
869 993
993 869
993 1857
1625 1625
1312 1701
1625 1625
993 869
1625 1625
341 1701
993 1617
341 1701
1369 1369
1625 1625
1669 56
1068 1701
737 737
869 993
993 869
1752 1701
1625 1625
38 993
531 993
659 798
1 993
993 869
696 1701
432 993
869 993
1722 993
1797 1701
691 1277
691 56
1987 1966
993 58
765 765
869 993
1277 56
1277 702
1277 691
993 531
301 301
993 1857
1625 1625
498 1701
1625 1625
1617 993
993 869
993 155
1669 56
1625 1625
1277 56
993 869
993 631
993 1512
869 993
278 441
453 56
2024 547
1625 1625
1625 1625
737 737
1441 547
1625 1625
1625 1625
1625 1625
1669 56
1625 1625
1154 278
69 278
1625 1625
341 547
713 278
691 1629
691 2027
691 453
691 713
691 278
1154 278
1625 1625
1154 278
278 898
1625 1625
1300 547
1369 1369
1277 56
1 278
278 1213
498 547
737 737
1669 56
1625 1625
1625 1625
1629 278
1441 547
1277 56
1277 702
1277 691
1987 1966
1625 1625
1669 278
1625 1625
659 798
1213 231
987 547
278 1154
498 547
1625 1625
1178 278
341 547
453 278
278 1619
987 547
180 547
1369 1369
1441 547
1625 1625
1441 547
987 547
1625 1625
1233 1057
987 547
1625 1625
498 547
341 547
1618 547
898 547
278 713
737 737
532 547
301 301
33 278
1625 1625
1625 1625
1664 194
1154 278
987 547
1625 1625
1440 319
1440 96
1440 738
1440 1903
1440 653
1440 239
1440 184
1440 1144
1440 56
453 1277
1669 56
498 547
737 737
1625 1625
1625 1625
1625 1625
1178 278
441 278
1625 1625
737 737
1768 798
702 453
702 1277
1625 1625
1625 1625
987 547
1625 1625
511 511
1625 1625
734 547
1518 547
266 266
278 1178
1987 798
278 1629
1625 1625
1669 56
702 56
702 1277
702 691
453 56
1136 278
278 1669
1625 1625
33 278
1369 1369
1625 1625
1258 1258
1625 1625
498 547
869 278
1619 278
1987 798
1625 1625
1625 1625
702 1669
702 2027
702 1619
702 1629
702 155
702 1277
702 1287
702 630
702 869
702 278
702 713
69 278
1625 1625
1619 1669
1619 1919
1619 691
1619 333
1619 443
1619 866
1619 278
1619 983
1762 278
689 547
278 1154
441 278
278 1669
737 737
987 547
1369 1369
266 266
1625 1625
1625 1625
987 547
278 441
1441 547
453 1629
453 2027
453 278
453 691
453 713
301 301
1625 1625
1213 547
1625 1625
1625 1625
1277 56
1625 1625
1625 1625
1213 278
167 547
737 737
498 547
1164 278
1258 1258
206 547
498 547
1629 453
1287 121
1287 1277
1287 667
1287 423
1287 105
1287 1629
1287 333
1339 547
1669 56
498 547
1164 278
1007 1136
1625 1625
1669 56
1625 1625
278 33
1625 1625
691 1277
691 56
278 453
278 1317
278 1154
630 1287
737 737
38 993
1757 1377
1961 1669
1393 943
1393 1550
953 1669
1510 1669
1510 453
1510 691
1669 1700
1669 155
165 869
165 1669
165 1674
730 1669
869 1669
453 1669
659 798
1669 730
730 1669
1906 1187
1906 466
490 1669
1381 1669
1669 1672
1669 920
1739 1669
1739 453
1669 730
1510 1669
1510 453
1510 691
2010 1377
232 1669
1881 1669
1882 1669
762 1669
993 38
1669 1120
466 1372
1120 1669
499 1669
1669 630
1747 1669
1152 1669
1669 6
1839 1586
1906 1669
1906 895
1618 1159
1618 1377
1669 38
858 1669
1618 1669
1618 453
1669 453
1839 1669
1874 1669
1874 203
1874 1550
1874 329
1874 1987
1874 1768
1669 1839
1277 1669
155 898
453 1669
53 1669
363 1377
2027 1277
2027 1277
1271 1669
1987 1966
987 1377
1669 712
1669 1120
1377 1669
1629 1586
453 1669
453 713
1669 1739
1882 1669
523 1669
363 80
1669 1120
869 1669
869 1287
1277 56
1277 702
1277 691
1440 1839
991 453
959 1377
309 1669
1669 2005
1669 1287
1669 155
1881 1669
1642 1669
1839 1586
1669 329
1669 895
1669 730
1669 1839
1669 1170
1669 1906
1669 300
1669 1956
1669 1619
1669 278
1669 630
1839 1120
1839 511
1839 1576
1839 203
1839 1510
1839 1323
1839 1830
1839 465
1839 1833
1839 999
1839 453
1839 1987
1839 1586
1839 1258
1839 539
1839 1669
1839 796
1839 1874
1839 1792
1839 1963
1839 1080
1839 419
1839 412
1839 1052
1839 1426
1839 1768
1839 1833
1839 1073
1839 1440
1839 479
1839 1674
1641 1377
1377 1669
1669 220
1277 1669
453 1669
453 1277
1906 1669
1236 1669
1669 1669
1669 1550
1839 1120
1839 1576
1839 1369
1839 1510
1839 1874
1839 1241
1839 904
1839 1987
1839 120
1839 999
1839 453
1839 465
1839 1586
1839 1258
1839 1792
1839 827
1839 556
1839 1670
1839 1669
1839 796
1839 558
1839 628
1839 1963
1839 457
1839 412
1839 690
1839 1430
1839 1277
1839 419
1839 423
1839 574
1839 1987
1839 511
1839 383
1839 411
1839 479
1839 1674
1350 1669
730 721
1 352
1 1669
1120 1669
1642 1669
1287 1669
1641 1377
1669 730
1287 1669
1018 1906
1018 466
1120 1669
1618 1377
1669 139
1277 1669
1669 56
68 1669
898 1444
630 1669
501 1669
1839 1669
1882 1669
1277 56
1369 1369
730 1669
1669 730
1906 1669
453 1669
1669 790
1287 1669
1277 730
1277 1287
1277 1669
1618 1377
1485 1377
1669 155
1669 2027
1669 1277
1839 1669
1839 1120
1839 978
1839 1576
1839 434
1839 1874
1839 117
1839 1382
1839 1987
1839 1135
1839 999
1839 1019
1839 916
1839 867
1839 2006
1839 1586
1839 1258
1839 1214
1839 1669
1839 965
1839 419
1839 796
1839 1962
1839 1323
1839 1963
1839 457
1839 155
1839 412
1839 556
1839 558
1839 1277
1839 713
1839 890
1839 574
1839 1845
1839 1833
1839 11
1839 827
1839 869
1839 1440
1839 1669
405 1669
1669 702
453 56
1576 1669
1576 1839
1669 1550
1619 1669
1170 1377
1436 1669
730 1821
1669 73
1839 1120
1839 511
1839 1576
1839 203
1839 1510
1839 1323
1839 1830
1839 465
1839 1833
1839 999
1839 453
1839 1987
1839 1586
1839 1258
1839 539
1839 1669
1839 796
1839 1874
1839 1792
1839 1963
1839 1080
1839 419
1839 412
1839 1052
1839 1426
1839 1768
1839 1833
1839 1073
1839 1440
1839 479
1839 1674
1720 1377
1669 1906
1669 1619
634 1669
1039 713
730 1669
630 1669
943 1669
943 329
943 1550
1669 1287
466 76
1669 1330
1669 1277
155 1669
1839 1669
730 1669
943 1393
943 1550
1669 1619
1377 1669
453 991
453 1669
453 1956
453 713
1618 575
1669 2010
330 1669
248 1669
354 1669
1669 928
1669 453
1669 1287
1739 1669
630 713
1876 1669
1669 730
1318 1669
1277 730
1277 1287
730 1669
1987 798
1618 1377
869 1669
869 1287
1618 1377
155 1669
1669 1510
1669 453
1669 691
1277 1669
1669 383
1669 928
1 1669
794 1669
794 38
394 1669
713 205
713 195
713 453
1669 56
713 453
737 737
1906 1669
1669 730
1747 1669
1669 330
1041 1669
1669 155
1669 730
898 1444
730 1669
1669 1277
1669 1839
466 1906
202 1669
1550 1669
1669 1619
1669 155
350 1839
1669 453
1698 1669
1143 1669
823 1669
1669 901
1669 730
1839 412
1839 203
1669 634
1 352
1 1669
1669 1586
203 1669
869 1669
869 453
1641 1377
1669 676
1377 1669
1720 1377
1669 634
1669 1287
996 1669
493 1377
1669 1669
1669 1826
155 1669
1669 691
1669 1277
1669 453
301 301
1618 1159
1618 1377
993 1669
1510 1669
1510 453
1510 691
1669 203
1669 1550
1669 1874
1669 329
1669 1987
1669 1768
1618 1159
859 730
1576 1669
987 1377
453 1669
691 1669
1669 581
1669 1669
1669 1277
1242 1669
1619 1669
1669 490
1669 1620
1871 1669
1839 434
1839 978
1839 1576
1839 1369
1839 1258
1839 1874
1839 668
1839 1227
1839 1856
1839 453
1839 1019
1839 383
1839 1586
1839 1792
1839 511
1839 556
1839 1669
1839 796
1839 558
1839 628
1839 155
1839 983
1839 1430
1839 1277
1839 1241
1839 1402
1839 1073
1839 479
1839 1674
1277 1669
1452 1669
1669 126
737 737
1669 155
1669 1669
1669 1437
1669 330
1669 1956
1906 466
1906 1372
1906 1187
1906 248
1906 730
730 859
797 1377
728 1287
1881 1669
1346 1669
1906 1906
1906 1669
1669 730
998 1669
1669 1381
1369 1369
1669 1669
1669 1550
1287 1669
1311 1377
630 1669
1839 1120
1839 1576
1839 434
1839 1874
1839 1241
1839 904
1839 713
1839 1135
1839 999
1839 1278
1839 453
1839 916
1839 867
1839 385
1839 666
1839 1586
1839 1258
1839 1214
1839 1669
1839 965
1839 558
1839 796
1839 1962
1839 1323
1839 1963
1839 457
1839 155
1839 412
1839 1816
1839 556
1839 1670
1839 574
1839 1845
1839 24
1839 1833
1839 827
1839 869
1839 1440
1440 319
1440 96
1440 738
1440 1903
1440 653
1440 239
1440 184
1440 1144
1440 56
1839 1669
29 1669
1669 730
1669 1747
1669 869
248 1187
248 1906
248 1669
1669 1619
1669 1277
1641 1377
1669 56
1881 1669
1669 1669
1669 1826
1222 1377
29 1669
453 1277
1222 1377
1669 1510
1669 453
1669 691
155 1277
363 1377
1669 730
928 1669
894 1669
1669 1277
1669 1881
1669 1277
993 1669
1669 702
1669 490
1820 1669
453 1669
898 1444
1906 329
1906 1669
1906 895
1881 1669
155 1669
1669 1586
1006 1669
286 1669
1607 1669
1698 1377
1277 730
1277 1287
1882 1669
1669 1669
1669 1289
1839 1120
1839 511
1839 1576
1839 203
1839 1510
1839 1323
1839 1830
1839 465
1839 1833
1839 999
1839 453
1839 1987
1839 1586
1839 1258
1839 539
1839 1669
1839 796
1839 1874
1839 1792
1839 1963
1839 1080
1839 419
1839 412
1839 1052
1839 1426
1839 1768
1839 1833
1839 1073
1839 1440
1839 479
1839 1674
1669 484
737 737
1641 1377
1669 453
1906 253
1906 248
1839 1669
1839 1586
407 1669
1550 1393
412 1669
1550 1768
1550 329
1550 203
1550 1987
1018 1669
1 1669
1 1448
1669 1550
1669 235
1669 869
1669 453
1669 1881
1277 1669
1287 1669
1669 1825
329 943
329 1669
329 1550
1669 730
1120 1120
1120 1669
1561 1669
363 1444
1641 1377
1669 1881
1287 1277
322 1669
155 898
1055 1669
38 1669
1669 730
1669 1329
1669 1669
363 1377
1669 1459
1669 1277
1350 1669
730 1669
363 1377
712 1669
155 898
814 1669
1669 38
878 1669
1204 1669
847 1669
1902 1669
1252 1669
1881 1669
1906 329
363 1377
76 1669
1669 1159
453 1510
453 1669
453 691
1669 269
38 794
38 1669
730 1277
730 1287
1277 1669
782 1377
1669 1013
1669 1839
1586 1839
1669 155
1518 1377
203 1874
1641 1377
1669 1447
730 1669
86 1669
1669 713
1669 1111
1669 155
1287 1669
1287 728
1669 527
1669 634
1287 1277
1287 730
1277 1669
1674 1669
1669 1586
1669 248
1967 1669
869 1669
1886 1377
1550 1669
1345 1377
1669 634
895 329
895 1906
730 1669
363 1377
76 466
1775 1669
1086 1669
1287 1669
274 1669
155 1669
1669 1825
1379 1669
1669 377
1307 1669
143 1669
1669 846
1669 1313
1531 1669
730 1669
1101 1669
1768 798
453 56
1669 350
1669 1586
869 1669
869 453
430 1669
76 1669
1906 329
278 1669
1669 1881
730 1669
1882 1669
430 1669
1513 1669
1586 1839
447 1669
1669 95
363 1306
1669 1881
515 1669
702 1669
702 2027
702 1619
702 1629
702 155
702 1277
702 1287
702 630
702 869
702 278
702 713
1669 730
1669 1698
1277 1669
1669 730
1669 730
1881 1669
1881 453
1839 1669
1282 1669
1669 1674
691 1277
691 56
1698 1377
1618 1377
1277 1669
1287 713
1287 630
1669 412
1865 1669
1669 1576
363 1377
713 1669
1669 730
1377 1669
1669 840
1641 1377
1464 1669
1669 1956
1669 1825
1029 1669
496 1669
713 630
1277 1669
1669 1839
1265 1669
1287 1277
1287 730
1669 2027
1018 1669
1018 466
1187 1669
1618 1159
1618 1377
1987 798
1812 1377
2021 1669
1669 453
634 1669
1906 1669
1959 1669
1669 1825
730 1669
479 1430
479 1669
479 1731
479 690
479 556
479 1510
479 558
479 599
479 272
479 1987
479 1674
479 585
479 511
479 465
479 1241
479 90
479 165
479 1670
479 1839
479 713
479 266
363 1306
1222 1377
192 1669
1882 1669
1669 1277
1669 712
1669 1825
959 1377
1906 1906
329 895
329 1906
1839 1669
363 1444
1669 713
1618 1159
1618 1377
1853 1377
155 1669
1669 113
625 1669
1669 1550
1277 1669
730 859
1669 1669
1669 1289
895 329
895 1906
1641 1377
1669 2019
1669 1187
1619 1669
848 1377
1669 712
1669 1619
1281 1377
1669 1586
1669 1873
1885 1377
1669 453
1669 730
634 1669
1669 56
363 1377
1377 1669
702 56
702 1277
702 691
1277 1669
1641 1377
1802 1377
1619 1669
1669 155
1669 2027
1669 1277
976 1669
1669 1839
1669 544
1669 38
1839 1120
1839 511
1839 1576
1839 203
1839 1510
1839 1323
1839 1830
1839 465
1839 1833
1839 999
1839 453
1839 1987
1839 1586
1839 1258
1839 539
1839 1669
1839 796
1839 1874
1839 1792
1839 1963
1839 1080
1839 419
1839 412
1839 1052
1839 1426
1839 1768
1839 1833
1839 1073
1839 1440
1839 479
1839 1674
1669 1672
1333 1669
691 1669
1669 38
1222 1377
1669 155
1369 1369
1839 1669
1669 1586
1287 1669
383 1669
2027 1669
1636 1669
1669 634
1839 869
1839 1669
730 1669
1669 1139
1669 453
1669 1881
1906 1669
155 1669
1669 1669
1669 255
1882 1669
1669 794
1108 1669
730 859
943 1550
730 1669
1669 993
1637 1669
329 1987
329 1768
329 203
329 1550
1669 730
1882 1669
1790 1669
1669 776
1698 1377
1669 730
702 1669
1669 1839
1669 1576
1669 851
1669 203
1669 1550
1669 1874
1669 329
1669 1987
1669 1768
1669 1906
1669 1906
1618 1159
1669 1287
363 1377
1839 1669
1141 1669
1033 1669
433 1669
952 1669
482 1669
993 1669
453 1881
214 1669
1874 1768
1874 1987
1874 329
1874 203
1874 1550
943 1550
1641 1377
511 511
856 1669
1669 1228
1669 1669
1669 1672
898 1444
1881 1669
1350 1669
1906 1669
330 1669
1669 1935
1440 1839
1669 1906
1669 53
1839 1669
1839 1576
1669 1669
1669 311
1619 1669
1619 1919
1619 691
1619 333
1619 443
1619 866
1619 278
1619 983
1839 1669
1839 383
1669 691
330 1669
1669 1018
1120 90
1120 1510
1120 1669
1120 1576
1120 479
1669 1906
1669 928
1669 1228
1669 1669
1669 730
1618 1159
1618 1377
1669 1747
1674 869
1674 1669
1674 165
1669 1259
702 453
702 1277
1669 1277
1641 1377
1277 1669
737 737
1669 630
1550 943
1550 1393
1839 1669
1839 1586
1333 1669
987 1377
822 1669
1641 1377
1839 1669
1906 1669
1669 1881
155 1669
1669 1839
65 1669
1669 453
1839 1669
1839 1576
730 1669
730 1669
1618 1159
1618 1377
1222 1377
1669 730
1669 453
1586 1669
1698 1377
1378 1669
1584 1669
1669 248
1669 1187
1669 1287
1669 377
1669 56
869 1669
356 1669
1618 1377
357 1669
1839 1669
1906 253
1906 248
438 1669
1669 730
1669 730
895 1669
1550 943
1550 1669
1550 329
1369 1369
702 1669
1669 56
1197 1881
1197 1377
713 453
713 991
712 1669
1881 1669
1881 453
1669 155
1669 630
383 1669
383 1839
869 1669
869 713
1277 730
1277 1287
1414 1669
1669 630
1669 1120
241 1377
1669 730
363 1444
1669 453
1669 1287
453 1669
1619 1669
1669 1839
1882 1669
1287 1669
928 1669
1550 943
1669 1330
155 1669
1287 1669
1576 1669
1669 1147
1669 730
1669 1619
1669 155
1287 1277
1287 730
1619 1669
453 1669
1510 1669
1510 453
1510 691
1458 1669
928 1669
928 1159
928 1287
1312 1669
1656 1669
1440 1839
1669 869
1669 1287
730 1669
1619 1669
1669 1510
1669 453
1669 691
1287 1669
1287 895
1 1669
745 1669
81 1669
1669 1287
630 1669
1243 1669
1669 1281
1906 1669
116 1669
1669 1921
737 737
730 1669
1669 943
1669 1277
453 1669
1277 56
38 1669
490 1669
1839 1576
630 1669
1669 1881
1669 1586
1669 1839
1550 1768
1550 329
1550 203
1550 1987
1618 1377
1839 1120
1839 1576
1839 434
1839 1874
1839 1241
1839 904
1839 713
1839 1135
1839 999
1839 1278
1839 453
1839 916
1839 867
1839 385
1839 666
1839 1586
1839 1258
1839 1214
1839 1669
1839 965
1839 558
1839 796
1839 1962
1839 1323
1839 1963
1839 457
1839 155
1839 412
1839 1816
1839 556
1839 1670
1839 574
1839 1845
1839 24
1839 1833
1839 827
1839 869
1839 1440
1839 1120
1839 511
1839 1576
1839 203
1839 1510
1839 1323
1839 1830
1839 465
1839 1833
1839 999
1839 453
1839 1987
1839 1586
1839 1258
1839 539
1839 1669
1839 796
1839 1874
1839 1792
1839 1963
1839 1080
1839 419
1839 412
1839 1052
1839 1426
1839 1768
1839 1833
1839 1073
1839 1440
1839 479
1839 1674
1669 730
1987 1669
278 1669
1839 1120
1839 978
1839 1576
1839 434
1839 1874
1839 117
1839 1382
1839 1987
1839 1135
1839 999
1839 1019
1839 916
1839 867
1839 2006
1839 1586
1839 1258
1839 1214
1839 1669
1839 965
1839 419
1839 796
1839 1962
1839 1323
1839 1963
1839 457
1839 155
1839 412
1839 556
1839 558
1839 1277
1839 713
1839 890
1839 574
1839 1845
1839 1833
1839 11
1839 827
1839 869
1839 1440
1669 453
1669 1916
1277 1669
895 329
1641 1377
1698 1377
1641 1377
630 1669
1669 1906
1839 1669
1669 1277
1187 76
1187 466
1 1669
1 1225
155 1669
730 1669
329 1906
1669 1287
1669 155
1672 1669
730 1669
610 1669
1287 1669
1287 1277
1287 713
1287 630
1618 1377
630 1669
1669 1987
1359 1669
1720 1377
1277 1669
1669 330
1395 1669
1669 1881
453 1669
1881 1669
1669 155
1669 1669
1669 126
1669 203
155 1277
1669 869
1886 1377
1669 1287
1839 1629
1839 1586
1553 1669
1619 1669
730 1669
685 1669
1669 1287
1669 76
1600 1669
1669 453
1669 1277
1277 2027
1669 1187
1669 1881
1669 1142
248 1669
248 1187
1360 1669
267 1377
691 1669
1510 1669
1510 453
1510 691
453 869
1669 630
1672 1669
730 721
1812 1377
1 1669
1 1225
1881 1669
183 1669
1669 1881
716 1669
730 1669
1669 155
1669 1669
1463 1669
1287 1669
1287 691
1287 713
1287 630
2027 1669
854 1377
1669 466
1669 1906
1669 1400
1698 1377
1345 1377
598 1669
1669 1669
1881 453
869 1669
1839 1669
630 1669
630 691
630 713
630 1287
991 1669
301 301
895 329
895 1906
466 1669
1906 1669
1669 730
1586 1839
453 1669
1206 1669
1669 630
943 1410
943 329
943 1550
1669 155
453 1669
1944 1669
1958 1669
998 1669
1669 730
1669 1906
1669 1277
1669 869
1669 453
1576 1669
1576 1839
737 737
1876 1287
1287 1536
1037 1669
1037 453
1037 1876
1037 1287
1876 1952
1287 857
291 1287
1287 1876
1287 453
1287 995
1287 542
1287 1876
1813 1287
1813 1619
1813 155
1813 895
1876 1287
1287 1287
895 820
895 329
895 1550
1116 1952
1287 1876
563 1190
713 895
895 1287
1876 1287
1876 1066
1037 1876
1037 1952
1037 1159
1037 1377
1876 1287
1876 1091
1287 895
702 1287
1876 1952
1287 1876
1287 1277
1287 730
453 56
1550 1287
728 1287
1287 1393
1287 713
1876 1287
1876 1952
1876 616
630 1876
1328 713
1328 453
1287 1876
713 630
1550 1287
869 1669
869 1287
1287 895
118 1287
1 1287
702 1287
1393 1287
1287 453
691 476
691 855
1287 1876
1277 155
1277 1287
895 1011
1287 869
1876 1287
1906 329
1906 1669
1906 895
1287 713
1287 630
702 542
1619 155
1619 1287
1876 1287
1287 1876
1287 1146
1287 1876
1149 1058
1149 728
1149 1550
1149 1393
1149 1287
1149 713
498 1952
1287 1876
1876 1952
702 1669
702 2027
702 1619
702 1629
702 155
702 1277
702 1287
702 630
702 869
702 278
702 713
1287 1876
1987 798
1876 1287
1287 1876
1287 1091
895 1906
1287 1277
1705 1952
869 691
1393 1058
1393 728
1393 1550
1393 1149
1393 1287
1393 713
1876 1952
1876 616
1876 1091
1287 730
691 1277
691 56
1957 1952
1287 1550
453 1287
1091 1287
1037 1669
1037 453
1037 1876
1037 1287
1287 1876
1287 453
1876 1287
1693 1287
1287 1091
1287 1876
691 1287
702 1287
702 453
702 1277
1287 895
1369 1369
1876 1287
1287 1693
895 1906
1287 1876
1876 1952
1957 1952
1698 1952
1876 1287
1287 1146
1906 1287
1876 1952
895 1287
1287 774
1287 1876
1287 630
1 1287
1287 391
1876 1091
1287 889
511 511
925 1287
1287 655
1287 453
869 1669
869 1287
1287 1876
145 1287
630 1287
1287 118
1287 1653
1287 453
1287 1669
1876 1091
1287 1876
928 1669
1287 1393
1287 713
1550 1287
1 1287
1287 291
1287 895
1287 1669
1287 869
1287 730
1393 1287
1393 713
1037 1876
1037 1952
1037 1159
1037 1377
1642 1952
1287 1393
1876 1952
1550 702
1550 895
1550 1287
1287 1705
1876 1287
1287 702
1287 1876
1876 1287
1277 1287
1215 1952
1287 1755
1287 702
1287 895
1876 630
1876 1066
1085 1287
1876 1287
713 895
1287 1876
1287 702
1287 145
702 56
702 1277
702 691
1287 1876
1669 56
1287 895
1277 56
1287 702
1876 1952
1876 1091
1287 391
1287 1876
1538 1287
542 1287
1619 155
1619 895
1619 1287
1287 1550
1876 1287
1287 691
1287 895
1287 995
1287 1669
1287 895
2009 1952
895 1287
869 691
869 1287
291 1287
1 1287
895 713
895 1287
1287 1876
1876 1952
1876 1709
1876 1287
1287 1550
1669 869
1669 1287
1287 1876
1287 995
1287 869
1287 1876
1876 1952
1876 1287
1287 935
691 869
1287 1277
1287 730
155 1277
155 1287
1376 1287
1287 869
1287 1709
1287 1669
1876 1287
1287 1669
1287 453
1287 118
1287 1091
1287 1234
1876 1091
1876 1287
1287 1876
1287 691
1876 1287
895 1287
1287 121
1287 1277
1287 667
1287 423
1287 105
1287 1629
1287 333
1876 1287
1277 730
1277 1287
1669 56
291 1287
1287 1876
1 1287
895 713
1287 713
1287 1085
1149 1058
1149 728
1149 1550
1149 1393
1149 1287
1149 713
1287 453
542 1287
895 1669
1693 1679
1693 1287
1876 1287
1287 1876
1876 118
1037 1876
1037 1952
1037 1159
1037 1377
1876 1952
1058 1393
1287 1619
542 1538
1876 1287
1669 56
1287 1393
702 1287
1876 1287
1642 1952
1876 1287
1876 1952
1724 1952
542 1287
1876 1952
1287 453
691 869
1287 1693
1287 1876
1619 155
1619 1287
1328 713
1328 453
1234 1287
430 1952
1287 155
1287 1277
2009 1952
1376 1952
1287 869
1287 1536
1287 895
691 869
728 1287
1376 1287
1876 208
869 691
391 1287
430 1952
1287 702
1287 1091
1287 1876
1861 1287
1287 1550
1876 1091
1876 1952
630 1669
630 691
630 713
630 1287
1277 1287
1104 1952
145 1287
1287 1876
1287 291
1287 453
1287 1876
895 1287
895 1601
1287 1669
1287 691
1287 713
1287 630
1287 118
1550 1536
1550 1287
1287 1906
1876 1091
1876 1952
1876 1601
301 301
1287 1091
1287 1876
1876 1234
1287 1550
1669 1287
1876 1091
1876 1952
291 1287
1876 1952
1146 1287
730 1287
1287 279
1287 713
895 155
895 1287
895 1619
1876 1091
1277 155
1277 1287
1287 1538
895 713
1287 925
1669 1287
702 1287
1328 713
1328 453
1698 1952
1287 1876
1287 1876
1369 1369
279 1287
279 713
1 1287
1876 1952
1287 1876
1287 391
1287 1669
1287 1277
1287 713
1287 630
1287 1185
1287 291
1393 1287
1393 713
1287 730
1 1287
1287 1861
1669 1287
1755 1287
1393 1287
1287 1876
1287 1876
1287 702
1876 1234
1876 1952
1669 56
1 1287
1876 1234
1876 1091
453 1277
1669 869
1538 542
1440 319
1440 96
1440 738
1440 1903
1440 653
1440 239
1440 184
1440 1144
1440 56
1876 1287
1277 56
1287 1234
1669 56
1287 1876
1287 155
1287 1619
1876 1952
869 1287
1287 1876
1066 1876
498 1952
1328 713
1328 453
1287 1906
1287 1876
1287 1669
1287 118
857 1287
1287 691
1287 895
1287 1669
1393 1287
1876 1287
1287 391
1287 291
1876 1287
1287 542
1876 1234
1876 1952
1287 616
1287 1876
1287 728
1287 508
1287 713
1287 1393
1287 1550
1876 1952
1116 1952
1876 1287
1287 1876
1091 1287
1328 713
1328 453
882 1377
882 1952
882 1306
882 1159
882 246
1287 702
1287 1091
1287 1876
1669 329
1669 895
1669 1287
1876 1234
1876 1091
1876 1952
1277 56
1277 702
1277 691
1876 1234
1876 1091
1876 1952
118 1287
1987 1966
730 1287
1287 453
1876 1287
1287 1653
1037 1669
1037 453
1037 1876
1037 1287
1393 1058
1393 728
1393 1550
1393 1149
1393 1287
1393 713
1037 1876
1037 1952
1037 1159
1037 1377
1287 702
713 1277
713 730
713 1287
1287 1462
1393 794
1876 262
2027 1287
895 1287
1669 928
895 1287
1876 1287
1287 925
1287 1876
1287 691
1287 145
1091 1876
1287 1876
1287 1876
895 691
895 1287
659 798
1287 1091
1287 1876
1277 1287
1287 1876
1876 1952
702 1287
291 1287
1799 1952
1669 1287
498 1952
691 855
1287 453
1287 1876
2027 155
2027 702
2027 1287
2027 630
1393 1058
1393 728
1393 1550
1393 1149
1393 1287
1393 713
1369 1369
691 895
691 1287
1287 453
1813 1287
601 1952
895 691
895 1287
1550 1058
1550 728
1550 1149
1550 1393
1550 1287
1550 713
1287 691
155 1287
1287 1550
1876 1091
498 1952
1957 1952
542 1287
1287 1668
1302 1287
979 1952
935 1287
1287 1876
1619 1287
542 1287
1376 1287
1287 895
1876 1091
1876 1952
1669 56
1287 1876
1287 1876
1669 928
1876 1435
1876 1287
869 1287
1287 895
291 1287
453 56
1149 1058
1149 728
1149 1550
1149 1393
1149 1287
1149 713
1287 1774
1876 1287
1287 728
1287 508
1287 713
1287 1393
1287 1550
928 1669
928 1159
928 1287
1669 928
1669 453
1669 1287
1435 1287
1287 1550
713 1287
1876 1287
1277 730
1277 1287
1876 1287
1876 1287
1876 1287
291 1287
1876 1287
1550 1058
1550 728
1550 1149
1550 1393
1550 1287
1550 713
1876 1287
1287 1863
1 1287
691 1830
1287 857
1287 1435
928 1669
1091 1287
1339 1952
1876 1952
1 1287
1830 691
1669 1287
1768 798
1287 1876
1091 1876
1287 453
1287 995
1876 1091
869 1287
1287 1876
1876 1287
1876 1234
1876 1091
1 1287
1287 1876
1987 798
1277 730
1277 713
1277 1287
1287 1393
1550 1287
1709 291
1709 1287
1876 1287
1287 1234
1277 730
1277 1287
1287 1669
1287 1876
1287 702
895 1287
498 1952
1011 895
1287 155
1287 1277
1277 730
1277 1287
702 1287
1037 1876
1037 1952
1037 1159
1037 1377
1287 655
691 1287
1287 291
1037 1876
1037 1952
1037 1159
1037 1377
1876 1952
1876 1952
1287 1393
1287 713
1393 1058
1393 728
1393 1550
1393 1149
1393 1287
1393 713
1669 1287
1287 935
1234 1876
1037 1876
1037 1952
1037 1159
1037 1377
1287 1876
1037 1876
1037 1952
1037 1159
1037 1377
1538 1287
1287 1538
1287 542
895 1011
1287 1668
329 1906
1287 1755
542 1287
1287 914
1287 1724
1876 1287
1369 1369
498 1952
1371 1287
1287 895
1876 1287
291 1287
1287 1876
895 329
1037 1669
1037 453
1037 1876
1037 1287
1550 1058
1550 728
1550 1149
1550 1393
1550 1287
1550 713
1287 1091
1287 1234
1906 329
1287 1669
895 1669
895 453
895 730
895 713
895 1906
1287 713
1619 1287
1876 1287
1287 542
895 1287
857 1287
1287 1277
1619 1669
1619 1919
1619 691
1619 333
1619 443
1619 866
1619 278
1619 983
1287 1287
1876 1287
616 1952
616 1876
1287 542
1328 713
1328 453
155 1287
155 1619
1287 1393
1287 1085
1287 155
1037 1876
1037 1952
1037 1159
1037 1377
1287 1876
1287 1085
1774 1287
301 301
1876 1287
1287 2027
1287 36
498 1952
1906 1550
1906 1913
1906 895
1091 1876
1116 1952
1287 155
1287 1277
1254 988
1254 154
1254 1088
1254 402
1254 111
1254 189
1254 1952
1254 378
1254 1793
1254 1872
1254 1973
1254 514
1254 1326
1254 669
1254 54
1254 562
1254 1373
1254 2004
1254 1986
1254 733
1287 1876
1287 1277
1287 713
1287 1876
498 1952
1619 155
1619 1287
476 855
476 691
1287 789
1287 1669
1669 1287
1287 895
1287 1601
1328 1287
1328 713
1876 1091
1287 1876
1287 895
1037 1669
1037 453
1037 1876
1037 1287
1876 1091
1116 1952
691 895
691 1287
1287 1091
1287 1876
1287 453
691 1287
1287 1876
1876 1287
869 869
1312 1952
1287 895
1536 895
1536 1287
432 1952
1287 1876
1393 713
1393 1287
1287 1277
1287 730
895 691
895 1287
1876 1091
1393 1287
1085 1287
1287 1550
1287 453
1287 1669
1287 728
1287 1876
1287 1091
1287 1085
1287 1393
1287 155
155 1277
155 1287
1669 1287
869 691
869 1287
730 1277
730 1287
1287 127
1287 1550
1287 713
1287 925
1287 155
1287 1619
391 1287
1287 895
893 1952
895 1287
1876 702
1876 1952
1287 1876
702 895
702 1287
702 1550
1287 1876
1066 1876
1876 1287
1287 453
1669 1287
1116 1952
1037 1876
1037 1952
1037 1159
1037 1377
1037 1876
1037 1952
1037 1159
1037 1377
1091 1287
1876 884
1876 1952
1287 869
1287 1277
1876 1952
1037 1669
1037 453
1037 1876
1037 1287
1550 869
702 1876
1550 329
1550 1906
1287 1393
1550 1287
702 895
702 1287
882 1377
882 1952
882 1306
882 1159
882 246
1876 1066
616 1952
616 1876
1312 1952
1287 1669
1116 1952
1287 1550
1287 869
