691 453
1948 453
5 1159
1159 2028
1813 1669
1159 1277
1037 1981
1037 80
1037 1306
1037 1159
1037 1377
1159 691
1287 713
453 1948
453 691
1813 453
1039 713
713 1287
444 1159
453 691
1220 1220
1586 713
1037 1444
1037 80
1037 1159
1037 1377
1550 691
129 1159
498 1159
713 1780
476 691
1669 56
2027 453
1800 1159
713 2027
691 453
1159 1586
87 1159
1277 453
476 691
1159 777
1369 1120
1369 465
1369 14
1369 1576
1369 203
1369 641
1369 410
1369 794
1369 1874
1369 272
1369 165
1369 1323
1369 585
1369 852
1369 47
1369 120
1369 999
1369 453
1369 1019
1369 1987
1369 1894
1369 1586
1369 1258
1369 1792
1369 1587
1369 1430
1369 1670
1369 980
1369 306
1369 690
1369 1743
1369 329
1369 1963
1369 419
1369 558
1369 412
1369 1501
1369 817
1369 266
1369 1434
1369 217
1369 1467
1369 25
1369 457
1369 1522
1369 890
1369 1241
1369 24
1369 1976
1369 511
1369 1440
1369 1179
1369 1839
691 1550
223 1159
217 1151
217 841
1510 453
691 476
1669 56
453 1813
1159 691
902 895
1246 1159
293 713
691 1550
1874 943
1874 841
1874 1258
1874 1998
713 819
137 1159
2027 453
1770 31
453 691
691 453
1586 453
453 142
1159 1970
1522 1151
1522 841
205 713
137 1159
713 1780
764 1159
1625 1625
2027 713
1550 691
1813 453
1813 1619
1813 1669
1159 1690
1690 1159
412 1717
1328 713
1328 453
1159 895
1159 1287
1839 1120
1839 1576
1839 203
1839 1510
1839 1874
1839 1830
1839 465
1839 1878
1839 999
1839 453
1839 1987
1839 1586
1839 1258
1839 539
1839 1669
1839 1792
1839 1963
1839 419
1839 412
1839 1052
1839 1768
1839 479
263 1159
205 713
841 1151
841 1522
841 1874
841 1258
841 1998
841 1151
841 943
1874 1874
453 2027
353 453
2027 713
142 1159
142 1277
691 453
1780 713
453 1586
1157 1159
2028 453
453 1277
205 453
205 713
713 1479
1159 1690
895 453
895 1287
1159 1337
1159 1956
453 56
2027 453
1948 453
1878 410
1878 1179
1878 24
1878 203
1878 1770
1878 1874
1878 794
1878 453
1878 329
1878 1987
1878 419
1878 412
1878 1586
1878 306
1878 1792
1878 1587
1878 852
1878 465
1878 1768
1878 817
1328 1587
1328 897
1328 1070
1328 358
1328 572
1328 245
1328 1158
1328 453
1328 410
223 1159
691 476
1037 1444
1037 80
1037 1159
1037 1377
691 453
453 691
1277 453
713 453
453 2027
1037 1377
1037 1159
1037 449
713 1586
1037 80
1037 1444
1037 1306
1037 1377
1037 1159
1037 1981
228 1159
805 1159
2027 713
713 195
713 205
453 691
691 453
1159 19
841 1151
155 1277
155 453
869 56
223 1159
943 1522
943 1874
943 2011
943 841
943 1998
943 1151
142 713
691 476
1159 691
1550 691
1717 412
1037 1444
1037 80
1037 1159
1037 1377
705 1159
245 1058
245 410
245 453
245 329
245 1906
245 1587
245 1987
245 1768
713 279
1948 453
2028 453
1159 1277
1625 1625
1625 1625
1159 902
737 737
476 691
1339 453
777 453
713 142
1586 453
1 453
713 293
713 892
1039 713
1998 1151
1998 1522
1998 841
1998 1874
1998 1258
1669 453
223 1159
453 1948
943 1151
943 841
1037 1444
1037 80
1037 1159
1037 1377
713 205
476 691
476 1550
1 453
1277 453
943 1151
943 841
476 691
2028 453
498 1159
1246 1159
476 691
1037 1444
1037 80
1037 1159
1037 1377
1277 453
1957 453
1625 1625
1758 1159
1159 2028
1983 1159
585 453
882 1306
882 1906
882 386
882 1377
882 1159
882 246
1 453
1287 453
998 453
1277 453
1 453
1287 453
713 205
1625 1625
1277 1669
1157 1159
1159 691
691 453
155 1277
155 453
1717 453
1717 1563
1159 691
2027 453
987 1159
1970 453
841 1151
1998 1151
1998 943
1998 841
1037 1377
1037 1159
1037 449
737 737
691 476
1159 2028
1813 453
1159 895
713 1906
1037 1981
1037 80
1037 1306
1037 1159
1037 1377
412 453
412 1717
1948 453
511 511
691 453
1690 453
1159 1277
1451 1159
1874 1151
1874 1522
1874 841
1874 1258
1874 1998
453 2027
1037 1377
1037 1773
1037 1159
1037 449
411 511
411 1874
411 1258
1874 511
1874 1258
1874 411
1278 903
1278 1144
1278 723
1874 585
1874 1440
521 1440
1258 1751
1258 203
1258 1874
1258 1987
1258 1586
1258 350
1258 1768
1278 1144
465 1874
1198 1144
999 1587
999 1874
999 852
1874 1587
1874 852
1874 999
1874 1586
1874 1839
1874 943
1874 841
1874 1258
1874 1998
479 999
479 794
479 1874
479 1987
479 1767
479 419
479 412
479 1911
479 1587
479 852
999 1440
999 1998
411 1874
411 614
1258 1768
1258 1874
1258 1792
1792 1731
1792 1586
1792 794
1792 1179
1792 1874
1792 1987
1792 419
1792 412
1792 1587
1792 852
1731 1874
1731 1987
1731 1586
1731 1792
1731 465
1731 1768
1874 350
1874 1258
1586 1874
737 1144
1380 1144
1258 350
1963 1770
1963 22
999 1874
999 1258
1874 511
1843 1258
1874 411
1874 1963
1874 1258
999 626
999 148
999 1874
999 511
999 1258
1258 1874
1258 1998
1258 999
626 148
626 1874
626 511
626 1258
626 999
1278 1144
1440 1874
1874 284
737 1144
511 1874
34 1144
1578 1144
1578 1380
1792 1179
1792 1874
1792 465
412 1874
412 1768
412 362
1974 1874
1974 999
1522 1899
1522 411
498 1706
376 1706
1586 1874
1874 1362
907 1706
511 1874
903 1144
903 1380
1874 457
1198 1144
465 1179
465 1874
465 1792
465 1179
465 1874
465 1792
1050 429
1874 1874
1874 1200
1258 1894
1380 1144
1440 1874
1440 1258
1440 999
1278 1874
1440 1258
511 1874
511 1369
511 1874
1258 21
1586 1874
1586 1258
1278 1874
1278 1258
1278 1998
841 1151
841 1522
841 1874
841 1258
841 1998
1278 1144
284 1874
1369 217
1369 1899
1874 561
1354 1505
412 1770
412 1874
1380 1144
457 1874
737 1144
1874 1768
1874 1987
1011 412
1874 151
1874 1751
1874 1586
1874 1258
1874 999
128 1706
1874 511
1874 1258
1198 1144
1380 737
1380 1144
1380 1144
34 1144
1992 1144
1992 1894
1510 511
1198 1144
737 1144
1278 1144
1380 1144
690 1874
690 1839
1894 999
999 153
999 1874
999 732
999 1987
999 1258
999 824
1932 1874
737 1144
1963 21
1963 1874
1992 1144
1992 1894
1874 1586
1874 999
1874 1770
1874 1768
1706 1987
1706 104
1706 732
1706 620
1706 1768
1706 852
1874 1440
1258 350
1839 1120
1839 1576
1839 1510
1839 558
1839 1523
1839 904
1839 1241
1839 1878
1839 120
1839 999
1839 1278
1839 465
1839 1586
1839 1258
1839 1792
1839 64
1839 556
1839 1670
1839 1323
1839 1963
1839 1080
1839 419
1839 1011
1839 690
1839 1430
1839 1919
1839 457
1839 574
1839 333
1839 827
1839 479
1440 345
1258 1874
1258 1963
1258 1998
1258 999
1440 1874
1440 1258
1440 999
1586 1258
346 1706
346 1706
511 1874
1440 1874
1894 1144
1258 1874
1258 585
1258 1586
1874 1874
350 1258
511 626
511 1874
511 148
511 1258
1874 284
1578 1144
1578 1198
1586 1278
1987 1874
1874 1911
1440 1874
1440 1258
1440 999
1440 1258
1874 1987
1440 1874
511 1874
511 1258
1882 1874
1278 1144
1278 1144
1628 1
1894 1144
1586 1874
411 1144
656 656
1737 115
999 290
999 1278
999 1874
999 1011
999 411
999 817
1380 1144
1809 1706
585 1874
903 1144
521 1874
521 511
1380 1144
1440 1874
1770 1792
1770 1874
1770 306
1770 412
1770 465
1278 1144
1380 1144
1374 1706
1440 1144
1894 1144
1198 1144
1514 1706
284 1874
1930 1047
1198 1144
217 1258
217 1899
1278 1144
585 1899
1198 1144
585 1144
737 1144
737 628
737 553
1258 1998
1380 1144
1258 1144
1874 1586
1874 1258
1874 1258
1874 535
599 599
1874 633
1874 1149
1514 1706
411 1522
411 1899
1380 1144
1992 737
1992 1144
1440 1354
1874 1522
1874 1894
1874 585
1874 1899
339 1144
1335 1
1894 1144
511 1144
1844 1278
1844 1144
1894 1144
1894 1144
1198 34
1198 1998
1278 21
1278 1874
1874 350
1874 1258
1380 1144
838 1874
1844 1144
1844 1239
1874 1258
1974 1874
1198 1144
217 1899
217 1369
817 1011
1258 1874
1258 1963
1258 1998
1258 999
1874 511
1874 1258
1874 411
1120 1874
1278 1144
1874 469
852 1278
852 1144
1844 1144
1844 1198
1874 1522
1874 1899
1706 412
1706 1768
1706 362
1586 585
1874 999
1874 732
1874 1987
1874 153
1874 1258
1874 1768
1874 852
1440 1874
1440 1874
1440 1258
1440 999
1522 585
1522 1899
1278 290
1278 999
1278 1874
1278 1011
1278 411
1278 817
511 12
1586 1731
1278 1578
1278 1144
1278 1198
1440 1874
1440 1258
1874 1586
1894 1144
903 1144
903 723
1874 1930
1874 440
1874 1258
1874 411
1874 511
1874 1369
737 1144
1586 999
1992 1144
1992 1894
1440 1874
511 217
511 1258
511 1899
585 1586
1258 350
713 151
1874 163
1380 1144
1874 1440
1874 1258
1874 999
539 1874
1874 1278
1874 1751
1369 1899
1586 1874
1586 151
1586 1258
1586 1751
511 1874
1874 1586
1278 21
1440 1258
1198 1144
1930 1047
713 1586
1874 1440
457 1874
1278 737
1876 1839
411 1586
1278 1894
1278 1258
1440 1998
1874 457
1586 479
1751 1586
1440 1874
1501 1278
1874 350
1874 151
1874 1258
1874 1751
1440 1874
1278 1899
1992 1144
1278 1874
1440 1874
12 1179
12 1874
12 465
12 1792
1974 1874
403 1144
1992 1278
1992 1144
1380 1144
1751 1874
737 1144
1198 1144
633 1874
633 1149
1874 203
1874 329
1874 1987
1874 412
1874 1586
1874 362
1874 350
1874 1768
1440 1874
1992 1144
1992 605
1278 1144
1440 1258
614 1874
614 411
1874 457
1258 1586
1278 1144
1258 1843
620 999
620 1874
620 1987
620 1258
620 732
620 1768
620 852
1586 1874
1586 1258
1586 999
412 457
412 1874
1380 1144
1874 465
1874 1440
1974 1899
1974 411
1874 585
1874 999
1839 1120
1839 1576
1839 203
1839 1510
1839 1874
1839 1830
1839 465
1839 1878
1839 999
1839 453
1839 1987
1839 1586
1839 1258
1839 539
1839 1669
1839 1792
1839 1963
1839 419
1839 412
1839 1052
1839 1768
1839 479
1809 1706
1930 412
1930 1768
1930 1874
1930 817
511 1874
511 1258
511 411
1839 690
1269 1081
1269 1278
1269 174
1269 999
1440 1998
1987 794
1987 1179
1987 1874
1987 419
1987 412
1987 1792
1987 1587
1987 852
1737 115
1874 284
1874 1522
1874 1899
1770 1874
1770 1768
1992 1144
1992 1894
1380 1144
1120 1874
1258 1899
511 1874
943 1522
943 1874
943 2011
943 841
943 1998
943 1151
1047 1930
1278 1874
1278 1258
1278 1998
1874 585
1874 999
1258 1874
1380 1144
1291 1144
1291 1239
1987 999
1987 1874
1987 732
1987 153
1987 1258
1987 1768
1987 852
1586 1874
1874 1440
1874 1998
1874 1440
1874 1258
1874 999
1586 1874
1874 1440
1198 1144
1874 1586
1874 1874
737 1144
164 1706
1505 1874
1505 1440
1278 1144
284 1874
1894 1144
511 1874
511 1874
1874 1987
1768 1874
626 511
626 1874
626 148
626 1258
1380 1144
1894 1522
1894 585
1894 1899
585 1258
585 999
737 1144
1440 1874
1440 1258
1440 1874
1440 1258
1440 999
1258 350
1894 1144
585 1144
718 1
1586 999
1278 1144
1999 1
1770 31
737 1144
737 34
1737 115
1586 1874
1586 1258
1586 999
346 1706
1770 1963
1770 22
1522 1974
1522 1899
1258 585
1258 1586
1522 1278
1522 1899
1874 999
999 1874
999 1974
1278 1144
284 1874
1 1751
1625 1625
1239 1144
1440 1874
1625 1625
1974 21
1586 1874
457 1874
1874 585
1380 1144
620 1874
1874 511
1992 1144
1992 605
1278 1144
1932 1874
350 1874
350 1258
1258 1144
1258 1874
1258 1440
2007 1874
852 1587
852 1874
852 999
817 1930
817 440
817 1874
817 1258
817 411
376 1874
1874 1278
1874 411
1198 1992
1198 1144
1440 1874
1440 1258
1440 999
1374 1706
479 1586
479 151
1269 1501
1269 1522
1269 1874
1269 999
1874 350
1874 151
1874 1258
1874 1751
341 1706
1874 376
1380 1144
622 622
999 1963
999 1874
999 1258
999 1998
465 1874
1706 1061
1894 1144
1440 521
1380 1144
284 1874
1198 1144
1278 1578
1278 1144
1278 1198
1963 1874
1963 1258
1963 411
1626 1626
498 1706
999 1258
1998 1278
1998 1144
585 1874
585 411
585 1963
585 1258
1874 1440
1291 1144
1291 1198
1586 1874
1586 1258
1586 999
876 1874
1992 1144
1992 1198
1239 1144
1989 1989
1380 1144
999 1638
999 1874
999 1987
999 153
999 1258
999 1740
999 852
350 1751
350 1874
350 1258
350 151
1258 535
511 1874
1380 1144
1874 284
1258 1874
999 626
1706 1926
1737 115
1578 1144
1578 1198
34 1899
412 457
412 1770
412 1768
412 1874
412 1278
1278 1144
1120 1874
737 1144
1440 411
1874 1587
1874 852
1874 999
1706 465
1269 536
411 511
411 1874
411 1258
1278 1144
1706 1974
1706 999
737 1144
1768 1120
1586 1874
1198 1144
585 1144
1874 1586
1874 1987
1258 1144
1291 1291
1874 1963
1278 1144
92 1144
999 1874
999 1974
999 1258
1751 1586
1874 1751
1278 290
1278 999
1278 1874
1278 1011
1278 411
1278 817
203 1258
1992 1144
1992 1894
535 1258
1198 1144
1998 1151
1998 1522
1998 841
1998 1874
1998 1258
1198 1144
465 1874
999 1258
1380 1144
1874 1770
1894 1144
1874 1586
1768 412
585 1899
1874 284
585 1144
511 1874
1586 1874
1440 1258
1874 151
1874 1586
1874 1258
1874 1751
605 1144
737 1144
999 1963
999 1874
999 1258
999 1998
1874 1899
620 999
620 1874
620 1987
620 1258
620 732
620 1768
620 852
1586 1258
605 1144
1874 457
1198 1144
1522 1874
1522 1899
344 1144
344 585
1258 1440
1874 747
1992 1278
1992 1144
737 1144
1625 1625
1874 1839
1874 690
1258 1874
1258 1440
1258 999
1380 1144
1874 1120
465 1874
1258 1278
350 1874
1874 1440
411 511
411 1874
411 1258
1522 1144
1522 411
1258 511
12 511
12 1874
511 1874
1792 1770
1792 412
1792 1874
1792 306
1792 465
1586 1963
511 1874
511 1440
999 1874
284 1874
1992 1278
1992 1144
1874 1440
1874 1930
1874 1586
1874 999
511 1874
1731 1120
1731 1874
1731 1974
1731 1987
1731 1792
1731 465
1731 1768
1580 1144
1580 605
1998 21
1998 511
1198 1144
1278 1144
1239 1144
1047 1930
852 1278
852 1144
1440 1874
833 1874
1874 1874
1874 1180
1874 1874
1874 1818
605 1144
1992 1278
1992 1144
1278 1144
999 585
737 1144
1992 1144
1992 1198
457 1874
1874 1144
1809 1706
1258 999
1258 1874
1258 732
1258 1987
1258 153
1258 1768
1258 852
1440 1874
1998 1440
1998 411
1586 1874
1751 1874
1198 1144
1992 1278
1992 1144
999 1874
511 1874
511 1258
1380 1144
1522 1874
1522 1899
1380 1144
1874 1440
1874 1258
1874 999
1992 1278
1992 1144
521 1440
1380 1144
1874 876
1580 1144
1580 1198
1380 1144
1998 1874
1998 1258
1874 1814
1258 1440
585 1144
999 1586
999 1874
999 1440
999 1258
1894 1144
1440 1874
1440 1258
341 1706
457 1874
412 1768
412 1874
1278 1144
1580 1144
1580 1239
362 1874
362 1768
1874 284
903 1278
903 1198
1753 1706
1753 1911
1874 1151
1874 1522
1874 841
1874 1258
1874 1998
1874 1987
999 1586
585 1899
1278 21
1278 511
1278 1998
1874 876
465 1770
465 412
465 1874
465 306
465 1792
1992 1992
1440 1874
1580 92
1580 1144
1874 1440
457 412
511 511
1522 1899
1522 1974
1522 411
723 1144
1874 1440
1874 1258
1440 1874
1440 1258
1440 999
1874 1930
1258 1586
1874 511
284 1874
876 1874
1974 1899
1974 411
521 1874
511 1792
511 465
1380 1144
1586 1874
1874 511
737 1144
737 628
737 553
1198 1278
1894 1144
511 1874
511 1258
1278 1144
585 1144
1894 1144
1369 1120
1369 465
1369 14
1369 1576
1369 203
1369 641
1369 410
1369 794
1369 1874
1369 272
1369 165
1369 1323
1369 585
1369 852
1369 47
1369 120
1369 999
1369 453
1369 1019
1369 1987
1369 1894
1369 1586
1369 1258
1369 1792
1369 1587
1369 1430
1369 1670
1369 980
1369 306
1369 690
1369 1743
1369 329
1369 1963
1369 419
1369 558
1369 412
1369 1501
1369 817
1369 266
1369 1434
1369 217
1369 1467
1369 25
1369 457
1369 1522
1369 890
1369 1241
1369 24
1369 1976
1369 511
1369 1440
1369 1179
1369 1839
1894 1144
1874 457
1874 412
1440 1874
1440 1258
1440 999
1874 465
1894 1144
1874 284
999 1278
999 1440
511 1874
511 999
1891 1874
1586 411
1874 1586
34 1198
1728 1706
511 151
511 713
1179 1792
1179 1874
1179 465
511 1874
1120 1874
1120 1768
1278 1144
1258 1144
511 1874
1269 1501
1269 1522
1269 1269
1269 1874
1269 999
1963 1586
1963 1258
1198 852
1874 1974
1586 1751
1440 999
457 1874
1894 1522
1894 585
1894 1899
1989 1989
1440 1874
1440 1258
1440 999
163 1874
511 1874
903 737
903 1144
1974 1899
999 1874
511 1510
511 1874
1198 1144
740 1706
412 1874
1258 1874
1770 1874
999 1963
999 1874
999 1258
999 1998
1278 1144
1278 1144
151 350
151 1874
151 795
151 1751
350 1258
350 1706
511 21
1874 1120
1874 21
1578 1144
1578 1239
1278 1751
1932 1874
1874 1278
1874 1586
1874 999
203 1874
1239 1144
1874 163
1874 412
1874 1768
252 1
1737 115
737 1737
1844 1144
1844 585
737 1278
1440 1874
1278 1874
1278 1751
1974 1874
1974 1258
1974 999
1440 1278
605 1144
1878 410
1878 1179
1878 24
1878 203
1878 1770
1878 1874
1878 794
1878 453
1878 329
1878 1987
1878 419
1878 412
1878 1586
1878 306
1878 1792
1878 1587
1878 852
1878 465
1878 1768
1878 817
585 1874
1874 350
1874 1586
1874 203
1239 1144
1992 1144
1992 403
1586 465
1586 1874
1586 1258
1586 1792
1198 1144
1874 1278
1874 1258
1874 1998
585 1144
511 1874
1109 1874
1374 1706
511 1587
511 1874
511 852
511 999
1874 1586
999 21
1992 1144
1992 1239
1987 1874
1706 511
1874 1120
1874 1768
1874 457
1239 1144
1874 1586
1874 1440
1874 1258
1874 833
585 1144
498 1706
1440 521
1440 1874
1894 1144
1625 355
1440 1874
1874 1911
999 1586
1874 350
1874 151
1874 1258
1874 1751
1278 1144
1874 1440
1874 1258
1839 1120
1839 1576
1839 1510
1839 641
1839 1323
1839 1241
1839 1987
1839 12
1839 904
1839 1751
1839 120
1839 999
1839 1278
1839 1486
1839 465
1839 1081
1839 1586
1839 1287
1839 316
1839 1214
1839 1669
1839 64
1839 419
1839 1663
1839 1011
1839 165
1839 690
1839 266
1839 1430
1839 558
1839 556
1839 457
1839 155
1839 1845
1839 1191
1839 1073
1839 2006
1839 1876
1998 1144
457 1874
1258 1874
92 1144
1625 1625
999 21
1874 1258
1874 999
1874 1167
1998 34
1998 1198
737 1144
1586 511
1258 21
457 1874
34 1144
1894 1144
1874 1440
1874 1258
1874 999
1625 1625
1874 1440
1874 1258
1380 1144
1874 1440
1874 1354
1874 1586
1440 1874
1440 1258
1440 999
1278 1751
1258 1144
1258 1049
1278 1578
1278 1144
1278 1198
1894 1144
1974 1874
1258 1586
1258 1874
1992 1144
1992 1198
1874 284
453 902
895 1669
869 56
793 1889
1500 902
793 1889
793 1889
793 1889
1669 895
793 1889
1238 895
1500 1238
895 1525
895 1238
793 1889
902 895
793 1889
1994 895
793 1889
793 1889
895 132
895 1994
793 1889
453 895
793 1889
882 1306
882 1906
882 386
882 1377
882 1159
882 246
1669 56
590 895
895 1922
793 1889
793 1889
1922 895
793 1889
793 1889
1535 1238
895 1669
793 1889
793 1889
1669 56
895 1544
793 1889
793 1889
793 1889
453 895
453 1287
793 1889
895 1669
793 1889
793 1889
453 56
1287 895
1339 246
895 453
895 1287
1994 132
1994 895
793 1889
1720 246
793 1889
793 1889
869 56
1625 1625
737 737
993 1669
1797 1701
993 1669
1625 1625
324 1701
1625 1625
1797 1701
737 737
993 869
511 511
1797 1701
993 869
1625 1625
453 56
1164 278
1625 1625
98 727
1669 56
278 1629
1629 713
1669 56
1 278
1339 547
1625 1625
1121 547
1625 1625
511 511
1515 278
1625 1625
1625 1625
1625 1625
453 56
869 56
987 547
1164 278
1216 547
1629 278
278 900
737 737
498 547
1669 1586
1669 1839
702 1669
702 713
1669 702
702 1669
702 1669
1878 1669
1669 1120
1669 1669
1595 1377
1669 220
1878 1669
1813 1669
1619 1669
993 1669
993 1669
1669 702
1669 2027
1839 1120
1839 1576
1839 203
1839 1510
1839 1874
1839 1830
1839 465
1839 1878
1839 999
1839 453
1839 1987
1839 1586
1839 1258
1839 539
1839 1669
1839 1792
1839 1963
1839 419
1839 412
1839 1052
1839 1768
1839 479
1669 1120
1669 1669
1222 1377
1595 1377
794 1669
794 38
1641 1377
1669 56
1669 1876
1277 1669
1669 730
1669 702
1669 713
1669 730
895 1669
1669 1839
730 1669
159 575
1287 1669
1287 1876
869 1629
869 1669
1669 702
1669 713
1669 476
155 1669
1839 1120
1839 1576
1839 1510
1839 558
1839 1523
1839 904
1839 1241
1839 1878
1839 120
1839 999
1839 1278
1839 465
1839 1586
1839 1258
1839 1792
1839 64
1839 556
1839 1670
1839 1323
1839 1963
1839 1080
1839 419
1839 1011
1839 690
1839 1430
1839 1919
1839 457
1839 574
1839 333
1839 827
1839 479
1669 1586
1876 1839
1669 993
1669 56
1669 702
1669 981
511 511
1669 794
1669 155
476 1669
1876 1287
1595 1377
1839 1120
1839 1576
1839 1510
1839 641
1839 1323
1839 1241
1839 1987
1839 12
1839 904
1839 1751
1839 120
1839 999
1839 1278
1839 1486
1839 465
1839 1081
1839 1586
1839 1287
1839 316
1839 1214
1839 1669
1839 64
1839 419
1839 1663
1839 1011
1839 165
1839 690
1839 266
1839 1430
1839 558
1839 556
1839 457
1839 155
1839 1845
1839 1191
1839 1073
1839 2006
1839 1876
981 1669
1669 1586
1669 1876
730 1669
1669 1619
1618 1377
1669 1878
1669 1906
737 737
1222 1377
1669 476
1641 1377
1669 895
1 1669
1 1260
702 1669
702 713
1669 453
730 1669
1669 702
1669 691
38 1669
1669 1878
1312 1669
981 1669
1669 702
453 56
1595 1377
869 56
432 1377
1287 1669
1669 1629
1669 869
1669 630
1641 1377
1669 1586
1669 1839
691 1669
476 1287
1876 2006
1876 1669
511 511
1287 1287
476 1287
1876 1839
1435 990
1435 1287
1287 713
1669 1876
1287 453
713 1287
1839 1120
1839 1576
1839 1510
1839 641
1839 1323
1839 1241
1839 1987
1839 12
1839 904
1839 1751
1839 120
1839 999
1839 1278
1839 1486
1839 465
1839 1081
1839 1586
1839 1287
1839 316
1839 1214
1839 1669
1839 64
1839 419
1839 1663
1839 1011
1839 165
1839 690
1839 266
1839 1430
1839 558
1839 556
1839 457
1839 155
1839 1845
1839 1191
1839 1073
1839 2006
1839 1876
2009 1952
1287 2006
1328 1287
1328 713
1287 713
1328 713
1328 453
453 895
1287 1669
869 56
1799 1952
1287 476
1669 1876
498 1952
324 1952
1876 1287
1957 1952
990 1287
895 453
895 1287
1302 1287
2006 1287
1876 1287
1287 1876
1435 990
1435 1287
1287 1876
1287 1287
1287 990
1287 1435
1339 1952
453 56
1876 2006
1287 713
1669 56
2006 1287
713 1287
1669 56
453 895
453 1287
713 1287
1287 990
1287 2006
1287 713
2006 1287
1116 1952
1287 1669
1287 1876
1876 1287
