869 453
882 449
882 1159
882 1377
1037 430
1037 1159
1037 1377
882 1377
882 1952
882 1306
882 1159
882 246
137 1159
869 453
869 993
1669 634
1037 80
1037 1444
1037 1195
1037 1306
1037 1377
1037 1159
1037 1981
1159 702
1874 31
805 1159
1384 1159
1192 453
713 1479
713 819
713 1780
713 142
713 1906
713 279
713 892
713 293
882 449
882 1159
882 1377
999 1258
1037 1377
1037 1773
1037 1159
1037 449
1159 1669
1800 1159
895 453
902 1159
902 895
1122 453
453 895
634 1669
1192 453
1192 1881
453 895
453 1484
1037 80
1037 1444
1037 1195
1037 1306
1037 1377
1037 1159
1037 1981
987 1159
2027 1955
137 1159
453 2027
1942 1151
223 1159
1192 453
1159 702
129 1159
2027 1426
2027 1955
1037 80
1037 1444
1037 1195
1037 1306
1037 1377
1037 1159
1037 1981
1587 31
1159 1880
453 702
367 1159
359 453
329 453
222 1727
1246 1159
87 1159
453 713
453 869
453 1669
869 453
895 453
1159 1337
1942 1151
1942 943
1942 1522
1942 1151
1942 943
1942 217
1942 1998
1037 80
1037 1444
1037 1195
1037 1306
1037 1377
1037 1159
1037 1981
1831 1813
453 1520
1942 1151
1942 943
1942 1522
1942 1942
1037 80
1037 1444
1037 1195
1037 1306
1037 1377
1037 1159
1037 1981
453 869
1625 1625
702 453
511 511
1328 1587
1328 897
1328 1070
1328 358
1328 572
1328 245
1328 1158
1328 453
1328 410
993 453
1159 2027
1159 329
1159 2027
453 1076
1625 1625
1669 869
1669 713
1037 80
1037 1444
1037 1195
1037 1306
1037 1377
1037 1159
1037 1981
1037 80
1037 1444
1037 1195
1037 1306
1037 1377
1037 1159
1037 1981
702 993
1813 453
453 359
217 1151
217 1942
453 895
1037 80
1037 1444
1037 1195
1037 1306
1037 1377
1037 1159
1037 1981
1520 453
453 583
869 453
634 1669
444 1159
1277 874
1277 1024
1277 665
1277 37
1277 1621
764 1159
1159 902
1625 1625
1404 1159
1037 80
1037 1444
1037 1195
1037 1306
1037 1377
1037 1159
1037 1981
453 56
583 453
453 702
1451 1159
869 453
869 453
1159 1520
453 869
178 453
1839 1120
1839 1576
1839 203
1839 1510
1839 1874
1839 1830
1839 867
1839 1878
1839 999
1839 453
1839 465
1839 1586
1839 1258
1839 539
1839 1410
1839 1323
1839 1963
1839 419
1839 412
1839 1052
1839 1768
1839 511
1839 1792
583 453
1037 80
1037 1444
1037 1195
1037 1306
1037 1377
1037 1159
1037 1981
1942 1151
1159 691
691 453
1792 1587
1792 31
691 453
1669 453
137 1159
1037 80
1037 1444
1037 1195
1037 1306
1037 1377
1037 1159
1037 1981
1625 1625
1159 1780
353 453
359 453
1669 453
353 453
453 1956
1037 80
1037 1444
1037 1195
1037 1306
1037 1377
1037 1159
1037 1981
1159 1192
691 205
691 453
1831 1813
902 453
453 869
691 453
1 453
1669 453
453 547
453 895
882 449
882 1159
882 1377
1159 1520
1159 1669
1839 1120
1839 1576
1839 203
1839 1510
1839 1874
1839 1830
1839 465
1839 1878
1839 999
1839 453
1839 1987
1839 1586
1839 1258
1839 539
1839 1669
1839 1792
1839 1963
1839 419
1839 412
1839 1052
1839 1768
1839 479
869 453
1037 80
1037 1444
1037 1195
1037 1377
1037 1159
1037 1981
805 1159
1159 869
1618 1159
1618 572
1384 1159
895 453
869 453
1287 453
1192 453
1192 1881
329 1874
1839 1874
2027 453
702 453
1813 1831
1813 453
1813 1669
1159 895
998 453
1159 1669
1484 453
737 737
453 869
1998 1151
1998 217
1998 1942
1669 1846
764 1159
1942 1151
1942 943
1942 1522
691 453
1942 1151
1942 943
1942 1522
713 453
691 425
691 453
943 1942
412 1465
1308 1159
453 869
895 453
943 1151
943 1522
943 1942
228 1159
329 2027
329 453
1287 453
453 1480
453 1852
453 1748
1159 869
453 1480
453 1748
1287 453
129 1159
1369 1120
1369 465
1369 14
1369 1576
1369 203
1369 641
1369 410
1369 794
1369 1874
1369 272
1369 165
1369 1323
1369 585
1369 852
1369 47
1369 120
1369 999
1369 453
1369 1019
1369 1987
1369 1894
1369 1586
1369 1258
1369 1792
1369 1587
1369 1430
1369 1670
1369 980
1369 306
1369 690
1369 1743
1369 329
1369 1963
1369 419
1369 558
1369 412
1369 1501
1369 817
1369 266
1369 1434
1369 217
1369 1467
1369 25
1369 457
1369 1522
1369 890
1369 1241
1369 24
1369 1976
1369 511
1369 1440
1369 1179
1369 1839
1758 1159
1159 691
2027 453
453 895
1277 453
1874 329
1998 1151
1998 217
1998 1942
993 453
1159 1669
1669 453
702 453
691 453
1369 1120
1369 465
1369 14
1369 1576
1369 203
1369 641
1369 410
1369 794
1369 1874
1369 272
1369 165
1369 1323
1369 585
1369 852
1369 47
1369 120
1369 999
1369 453
1369 1019
1369 1987
1369 1894
1369 1586
1369 1258
1369 1792
1369 1587
1369 1430
1369 1670
1369 980
1369 306
1369 690
1369 1743
1369 329
1369 1963
1369 419
1369 558
1369 412
1369 1501
1369 817
1369 266
1369 1434
1369 217
1369 1467
1369 25
1369 457
1369 1522
1369 890
1369 1241
1369 24
1369 1976
1369 511
1369 1440
1369 1179
1369 1839
869 453
869 993
498 1159
278 453
1159 895
1159 993
1669 634
869 713
1625 1625
453 278
993 702
1846 1669
1 453
1780 453
1625 1625
1037 80
1037 1444
1037 1195
1037 1306
1037 1377
1037 1159
1037 1981
228 1159
1159 691
1159 895
1874 1874
1337 453
869 453
2027 453
895 453
1625 1625
943 1151
943 1522
943 1942
1159 1619
1874 1751
1874 999
1874 1963
1874 453
1874 585
1874 1586
1874 1258
1874 1547
1874 1839
1037 430
1037 1159
1037 1377
1484 453
882 1377
882 1701
882 1306
882 1159
882 1694
869 453
453 691
1587 1151
1587 217
1587 1425
1587 1998
453 1287
453 895
453 713
998 1159
453 1480
453 1503
943 1942
1159 178
764 1159
1727 1159
1727 924
1727 66
1727 222
1727 849
1037 80
1037 1444
1037 1195
1037 1306
1037 1377
1037 1159
1037 1981
993 702
734 453
1942 1151
1618 1159
1159 1669
453 2027
882 1594
882 1906
882 1306
882 1159
882 1377
1964 1159
217 1151
217 1942
998 702
1792 1587
329 1258
329 999
1758 1159
702 453
713 453
155 453
943 1151
943 1522
943 1942
1328 1587
1328 897
1328 1070
1328 358
1328 572
1328 245
1328 1158
1328 453
1328 410
1576 453
1328 713
1328 453
869 453
1669 453
1246 1159
1955 453
1159 869
426 453
1159 1780
895 453
1520 453
691 453
702 453
1159 691
1625 1625
1337 453
498 1159
895 453
895 713
895 1287
1159 902
882 1594
882 1906
882 1306
882 1159
882 1377
755 268
1037 80
1037 1444
1037 1195
1037 1306
1037 1377
1037 1159
1037 1981
869 702
869 993
1880 453
702 1956
987 1159
702 1956
1287 1669
1287 453
453 1480
453 1748
869 993
1942 943
1159 869
1159 1669
1159 1277
1159 630
1874 1465
1159 702
453 1192
1669 453
895 453
1800 1159
709 453
1159 426
223 1159
1881 453
1881 1192
453 1277
737 737
129 1159
1780 453
453 359
453 869
453 1287
453 895
634 1669
1831 1813
1120 453
869 1669
869 453
869 713
1874 31
511 511
1159 1813
453 895
1159 895
453 56
869 56
363 1159
1839 585
1839 1874
1669 453
511 511
453 1669
453 1287
453 869
869 453
217 1151
217 1942
1328 713
1328 453
691 453
263 1159
87 1159
1522 1151
1522 1942
453 1520
1669 872
249 453
943 1151
943 1522
943 1942
585 1874
585 1839
987 1159
1619 453
367 1159
278 1669
1328 1587
1328 897
1328 1070
1328 358
1328 572
1328 245
1328 1158
1328 453
1328 410
1625 1625
1159 329
453 895
2027 453
634 1669
1328 713
1328 453
1998 1151
1998 1522
1998 1942
223 1159
1625 1625
1037 1377
1037 1773
1037 1159
1037 449
453 56
1159 895
1159 1287
1037 80
1037 1444
1037 1195
1037 1306
1037 1377
1037 1159
1037 1981
1942 1151
1942 943
1942 1522
713 869
5 1159
1520 453
1618 1159
1618 572
691 453
137 1159
2027 1955
223 1159
453 1520
453 734
1942 1151
498 1159
1037 80
1037 1444
1037 1195
1037 1306
1037 1377
1037 1159
1037 1981
1625 1625
1037 430
1037 1159
1037 1377
869 453
869 1669
869 713
1625 1625
223 1159
1860 1159
1800 1159
137 1159
1520 453
453 869
1669 56
1669 453
137 1159
869 453
359 453
1037 80
1037 1444
1037 1195
1037 1306
1037 1377
1037 1159
1037 1981
1037 80
1037 1444
1037 1195
1037 1306
1037 1377
1037 1159
1037 1981
453 1669
1751 1874
943 1151
943 217
943 1942
943 1998
1813 453
1246 1159
1780 453
1669 56
1878 257
1878 1179
1878 203
1878 410
1878 794
1878 329
1878 24
1878 1987
1878 419
1878 412
1878 1586
1878 306
1878 1792
1878 1587
1878 852
1878 465
1878 1768
1878 1874
1878 817
1339 453
137 1159
1157 1159
1159 691
1159 869
1813 1831
329 1874
1758 1159
1157 1159
869 453
869 993
1159 1880
1159 691
702 453
1874 585
1874 1839
691 453
453 869
453 702
137 1159
453 702
1625 1625
1037 430
1037 1159
1037 1377
882 449
882 1159
882 1377
895 453
1669 453
1669 453
1159 1120
1037 430
1037 1159
1037 1377
1220 1220
2027 245
1037 80
1037 1444
1037 1195
1037 1306
1037 1377
1037 1159
1037 1981
1159 869
453 1831
453 1813
1839 1120
1839 1576
1839 203
1839 1510
1839 1874
1839 1830
1839 465
1839 1878
1839 999
1839 453
1839 1987
1839 1586
1839 1258
1839 539
1839 1669
1839 1792
1839 1963
1839 419
1839 412
1839 1052
1839 1768
1839 479
245 1058
245 410
245 453
245 329
245 1906
245 1587
245 1987
245 1768
702 453
805 1159
1780 453
1780 713
175 453
1277 453
1120 453
1669 453
1669 56
5 1159
453 1520
1441 1159
869 453
1625 1625
1037 80
1037 1444
1037 1195
1037 1306
1037 1377
1037 1159
1037 1981
705 1159
1942 943
453 869
453 993
363 1159
1159 1955
1159 691
943 1151
943 217
943 1942
943 1998
869 453
1669 872
1037 430
1037 1159
1037 1377
895 453
895 1287
1768 1358
1768 798
1874 329
895 453
1625 1625
1159 869
1625 1625
2027 329
872 1669
5 1159
1037 430
1037 1159
1037 1377
869 453
1023 453
1159 1768
1159 329
943 1151
943 1522
943 1942
1625 1625
1037 80
1037 1444
1037 1195
1037 1306
1037 1377
1037 1159
1037 1981
453 895
87 1159
993 869
1618 1159
869 453
1669 634
869 453
1159 1813
453 691
1220 1220
1874 329
1874 1258
1874 999
702 453
1159 329
453 1337
353 453
882 449
882 1159
882 1377
1839 1874
1983 1159
453 1484
426 453
453 869
359 453
691 453
1159 426
1159 869
1625 1625
993 702
453 1669
1037 80
1037 1444
1037 1195
1037 1306
1037 1377
1037 1159
1037 1981
278 453
263 1159
228 1159
453 1484
1159 1813
1037 80
1037 1444
1037 1195
1037 1306
1037 1377
1037 1159
1037 1981
702 1526
702 453
363 1159
895 453
301 301
737 737
263 1159
245 1058
245 410
245 453
245 329
245 1906
245 1587
245 1987
245 1768
1220 1220
1037 80
1037 1444
1037 1195
1037 1306
1037 1377
1037 1159
1037 1981
1337 453
129 1159
630 453
1484 453
1768 453
367 1159
453 56
453 205
223 1159
453 895
970 1159
1159 895
943 1587
943 1792
882 449
882 1159
882 1377
1833 585
1550 869
1550 476
1550 855
1669 453
453 1669
1669 453
882 449
882 1159
882 1377
1159 951
1369 1120
1369 465
1369 14
1369 1576
1369 203
1369 641
1369 410
1369 794
1369 1874
1369 272
1369 165
1369 1323
1369 585
1369 852
1369 47
1369 120
1369 999
1369 453
1369 1019
1369 1987
1369 1894
1369 1586
1369 1258
1369 1792
1369 1587
1369 1430
1369 1670
1369 980
1369 306
1369 690
1369 1743
1369 329
1369 1963
1369 419
1369 558
1369 412
1369 1501
1369 817
1369 266
1369 1434
1369 217
1369 1467
1369 25
1369 457
1369 1522
1369 890
1369 1241
1369 24
1369 1976
1369 511
1369 1440
1369 1179
1369 1839
1291 45
1291 1144
939 1144
939 723
1440 1874
1440 1258
1874 1278
1874 1258
1874 1963
1874 999
1625 1625
34 1144
585 25
1505 1912
511 1874
1974 1144
1974 1974
1586 350
1874 1524
1874 1258
329 350
329 1768
329 1874
329 203
329 1987
939 1144
1839 1120
1839 1576
1839 203
1839 1510
1839 1874
1839 1830
1839 465
1839 1878
1839 999
1839 453
1839 1987
1839 1586
1839 1258
1839 539
1839 1669
1839 1792
1839 1963
1839 419
1839 412
1839 1052
1839 1768
1839 479
1198 1144
1874 511
1874 1258
1870 1870
1839 1751
1839 1576
1839 999
1839 585
1839 1874
1839 1963
1839 1833
1839 1586
1839 1258
411 1144
1269 536
1258 1440
999 1144
1578 1144
1578 1894
1987 1179
1987 683
1987 794
1987 1874
1987 419
1987 412
1987 817
1987 153
1987 1792
1987 1587
1987 852
1440 1258
1440 1144
1440 1874
999 1899
1440 1874
1998 1874
1998 1258
1998 1963
1998 999
1814 1706
1258 350
1380 1144
45 1144
1874 1899
1874 25
1974 21
133 1706
45 1144
45 1291
1874 173
1874 1258
1874 1998
1874 999
585 1144
737 1144
1501 1144
1369 1144
1440 1874
1874 1963
1874 1258
1874 1998
1874 999
940 1874
411 1144
656 656
1380 1144
1440 1874
737 1144
737 628
737 553
740 1706
1844 1144
1844 1198
737 1144
1874 1522
1874 1269
1874 536
585 434
585 1576
585 1369
585 1120
585 1323
585 165
585 904
585 1767
585 155
585 1878
585 999
585 1019
585 1987
585 12
585 1586
585 1258
585 1792
585 511
585 556
585 1669
585 1874
585 120
585 1963
585 1629
585 457
585 558
585 1619
585 1751
585 574
585 1430
585 1241
585 1402
585 827
585 2006
585 278
585 1440
585 1839
585 479
852 1854
852 1467
852 999
852 1874
852 1501
852 1258
852 1587
1874 513
1874 833
1839 1120
1839 1576
1839 1510
1839 1751
1839 574
1839 558
1839 1523
1839 904
1839 1241
1839 1987
1839 1878
1839 120
1839 999
1839 1278
1839 465
1839 1586
1839 1258
1839 1792
1839 1073
1839 556
1839 1670
1839 104
1839 558
1839 1669
1839 1323
1839 1963
1839 1080
1839 419
1839 155
1839 1011
1839 450
1839 690
1839 1430
1839 1919
1839 457
1839 574
1839 333
1839 827
1839 2006
1839 479
1369 217
1369 1899
1369 1998
585 434
585 1576
585 1369
585 1120
585 1323
585 165
585 904
585 1767
585 155
585 1878
585 999
585 1019
585 1987
585 12
585 1586
585 1258
585 1792
585 511
585 556
585 1669
585 1874
585 120
585 1963
585 1629
585 457
585 558
585 1619
585 1751
585 574
585 1430
585 1241
585 1402
585 827
585 2006
585 278
585 1440
585 1839
585 479
350 1874
1839 1874
457 1833
1034 1874
1034 502
1894 1899
1894 1963
999 585
999 1874
999 1839
656 1144
1874 1681
585 999
1792 419
1792 1768
1792 1874
211 211
1440 708
217 1258
217 1899
1874 1792
999 1963
999 1874
999 1258
999 1998
1198 1144
1874 1440
1874 1258
1874 999
1198 1144
620 203
620 1874
620 329
620 1987
620 350
620 1768
549 1874
1258 587
1258 1323
1258 1874
1258 1586
1258 350
1258 1244
1258 1839
1501 656
1501 1258
1258 1874
1258 1998
1258 999
1625 1440
1625 1751
1625 1874
1625 1258
1625 1833
1194 1144
1291 1291
1839 999
341 1706
329 1874
329 1768
329 1874
1440 1874
1258 1874
1258 1998
1258 999
1369 1144
217 1258
585 1144
1440 1839
1874 1833
1874 1839
1874 10
1369 1522
1369 1899
1369 999
1768 440
1768 153
1768 1874
999 1440
1440 1833
1440 1844
1844 1144
1844 1198
1874 1522
1874 1899
1874 999
272 1144
1323 1440
1988 1874
411 1144
1198 1144
999 177
999 1874
999 1258
999 1998
999 1522
999 1874
999 1899
1751 1625
1974 1144
1974 1974
1440 1144
907 1706
108 1144
1874 999
1874 1258
1874 1323
1874 1402
1874 1523
1874 385
1874 90
1874 1214
1874 867
1380 1144
1839 999
999 1899
1874 203
1874 329
1874 1987
1874 153
1874 350
1874 1768
999 1522
999 1899
1258 1440
1258 1874
1258 1833
475 1939
475 1
475 392
475 963
1874 125
1874 695
1874 1581
411 1144
939 1144
939 403
939 1198
1369 1120
1369 465
1369 14
1369 1576
1369 203
1369 641
1369 410
1369 794
1369 1874
1369 272
1369 165
1369 1323
1369 585
1369 852
1369 47
1369 120
1369 999
1369 453
1369 1019
1369 1987
1369 1894
1369 1586
1369 1258
1369 1792
1369 1587
1369 1430
1369 1670
1369 980
1369 306
1369 690
1369 1743
1369 329
1369 1963
1369 419
1369 558
1369 412
1369 1501
1369 817
1369 266
1369 1434
1369 217
1369 1467
1369 25
1369 457
1369 1522
1369 890
1369 1241
1369 24
1369 1976
1369 511
1369 1440
1369 1179
1369 1839
585 1144
1874 1559
1440 1839
833 1874
833 1258
1874 419
1874 1768
1874 1792
1625 1625
1874 177
1874 1258
1874 1998
1874 999
541 1874
852 1874
852 411
852 999
1874 1833
1874 1998
1874 1258
1874 1963
1874 999
585 1874
585 411
1258 585
1258 1874
1258 1998
1440 1258
1522 1874
1522 1899
350 1258
1751 1258
1751 1874
1751 1253
1751 1754
1998 1874
1998 1258
1998 1963
1998 999
217 1899
217 1998
217 999
34 1144
1380 1144
1440 999
1625 1440
1625 1751
1625 1874
1625 1258
1625 1833
1792 1587
1792 31
1874 459
1874 203
1874 1987
1874 350
1874 345
1874 1768
511 1874
511 999
1522 1258
1522 1874
1522 1963
1522 1998
1522 999
1497 1874
1844 1522
1844 1440
585 1144
1440 1258
1874 350
1874 1258
1874 1522
1874 1258
1874 1963
1874 1998
1874 999
511 1874
1998 265
1998 536
1874 1258
1874 1963
1874 1998
1874 999
350 1833
1586 1874
1833 1874
1894 1144
1874 440
1874 153
1874 1768
272 1144
1383 1874
1278 1144
1269 1998
1269 999
1874 1258
1258 1833
1258 1440
1258 1625
1258 1874
1258 1751
511 1144
1874 511
1782 1144
1782 1198
1844 1144
1844 1974
1440 1144
1782 1144
1782 1194
1782 656
1258 1874
45 1144
1194 1144
534 1874
418 1576
1833 1874
1440 999
1844 1144
1844 1198
1912 1874
1258 93
1258 1839
1440 1580
1625 1625
1998 1522
1998 1874
1998 1899
1522 1269
1522 536
939 1144
1874 511
1874 1497
620 1874
620 1768
620 1047
1974 1998
1258 1102
620 203
620 329
620 1874
620 1987
620 350
620 1768
329 1874
585 1751
585 999
585 1874
585 1963
585 1586
585 1258
585 1547
585 1839
511 1874
1998 1874
1998 1258
1998 1963
1998 999
1974 1522
1974 1874
1974 1899
34 1782
34 1144
34 1198
1440 1874
999 1963
999 1874
999 1258
999 1369
999 1998
1874 1269
1874 536
999 1963
999 1874
999 1258
999 1998
1974 1874
1974 1258
1974 999
1481 1706
999 1586
585 1874
1874 1522
1874 1899
999 1874
999 1258
1625 1625
1844 1144
1844 656
1440 852
1522 1899
1380 92
1380 1144
403 1144
1844 1144
1844 1198
1874 1874
1874 973
1974 1144
1963 1833
1963 1874
1963 1258
1963 999
1874 1587
1374 1706
1998 1144
1369 1522
1369 1874
1369 1899
1369 999
999 585
999 1874
1998 1144
1833 457
511 1309
1998 1522
1998 1874
1998 1258
1998 1963
1998 999
1833 1874
1974 1144
1974 1974
511 511
1278 1874
1278 1258
1278 1963
1278 999
1625 1625
1833 457
1833 1874
1833 1258
1833 999
904 1144
1291 45
1291 1144
511 1522
511 585
511 1899
1874 1440
1874 1839
1258 1998
1874 1102
1047 1768
1047 1874
1047 576
1782 1144
1782 1440
1874 1549
1874 295
1874 999
1626 1626
999 1440
1874 852
1874 411
1291 45
1291 1144
1278 1874
1278 1258
1278 1963
1278 999
999 1258
350 1874
1625 1625
1628 1
1440 1874
1580 1144
1580 1440
1198 1144
1625 1874
1625 1258
1625 999
1522 1974
1522 1899
1874 412
1874 1768
1874 362
1369 1998
1369 999
1369 1278
1369 1874
1369 1974
1369 585
1369 511
1369 1258
1369 411
1369 1440
1839 1833
1874 860
1874 1874
1440 1874
1874 2012
1874 1768
1874 203
1198 1144
1874 12
1874 1587
1874 465
1874 1792
2002 1874
999 1874
999 1258
1874 931
1874 1874
1493 1034
1493 1080
999 12
999 1792
1894 1144
1102 1258
999 1278
999 1899
999 1874
999 1258
999 1963
1874 1258
217 1899
217 1998
1839 999
1198 1144
1782 1144
1782 1198
1999 1
1198 1144
999 1303
999 690
1874 1833
1874 329
1874 585
10 1874
1258 1440
1258 1144
1258 1440
1258 1580
1833 1874
1839 1258
852 1144
852 1440
1839 1874
1874 31
1291 1291
1874 217
1874 1258
1874 1258
1874 1998
1874 999
1874 511
656 1782
656 1144
656 1194
45 1144
45 1291
1874 1874
1874 1258
1874 366
999 21
1440 1874
863 1706
1587 31
1792 1768
1792 1874
1792 419
412 1874
412 362
585 21
1809 1706
1626 1626
1874 1874
1874 1472
1782 45
1782 1144
599 599
1998 1874
1998 1258
1998 1963
1998 999
1198 1144
92 1144
92 1380
1874 1258
1894 1144
939 1144
999 1144
1839 1440
1839 1586
1839 1874
1839 1258
1844 1144
1844 999
838 1874
1440 1874
1440 1258
1440 999
1768 329
1768 440
1768 1874
1768 1987
1440 1501
1839 1874
999 1144
1874 1278
1874 1258
1874 1963
1874 999
1258 350
1258 1144
1522 1258
1522 1874
1522 1963
1522 1998
1522 999
1998 1874
1998 511
1998 1258
1998 999
99 1706
1874 1681
513 1874
1833 1304
1874 419
1874 1768
1874 1792
1882 1874
1874 1440
1874 1258
1874 1874
1874 511
1833 1586
1833 574
1833 1839
1625 1625
1874 1144
1501 1782
1203 1874
1258 1144
1792 1874
1258 1369
999 1874
999 1839
1522 1258
1522 1874
1522 1998
1522 1963
1522 999
656 656
999 1899
1258 350
1998 1974
1440 1874
1440 1258
1440 999
999 1899
1703 1874
999 1899
1874 940
1501 1144
1576 1874
1576 1258
1576 1751
1684 312
1684 1874
737 1144
411 1144
1380 1144
1998 1833
1998 1874
1874 1167
999 1833
999 1586
999 1751
92 1144
92 1291
1874 585
1874 999
403 1144
350 1874
1440 1874
1440 1258
1440 999
411 1144
1198 605
1198 939
599 599
1874 1440
1874 999
999 1144
999 1998
1198 1144
1440 1833
1957 1874
1198 1144
1874 513
1440 1144
585 1874
272 1144
12 999
12 1792
1440 1833
1440 1874
1440 1258
1440 999
1291 45
1291 1144
1291 605
1278 1874
1278 1258
1278 1963
1278 999
1998 1899
1258 1323
1258 1874
1258 1586
1258 350
1258 1244
1258 1839
1440 1258
1874 1963
1874 1998
1874 1258
1874 1369
1874 999
1737 115
217 1874
217 1258
1369 999
1369 1522
1369 1874
1369 1963
1369 1258
1369 1998
852 31
1874 833
1833 999
1258 1874
1258 1524
411 852
903 34
903 184
903 1998
903 1144
903 852
903 1580
1874 1258
1874 1998
1874 999
1844 1144
1844 999
999 1874
999 1323
1613 1706
1258 1144
534 1874
1291 92
1291 1144
24 429
1999 1
1874 999
1681 1874
1258 350
1369 217
1369 1899
1369 1998
1369 999
974 1706
1 1874
1 559
1782 1144
1782 1194
411 1144
411 1998
1198 605
1874 1465
838 1874
1522 1269
1522 1874
1522 1998
1522 999
1278 999
1278 1874
1278 1894
1278 511
1278 1998
1278 1144
1998 1269
1998 999
1999 1
1874 1833
1874 1258
1874 1963
1440 1144
419 1768
419 628
419 1874
419 1792
1440 1144
1782 1144
1782 1974
511 1874
1874 350
1374 1706
1706 511
1706 1369
1369 1522
1369 1899
1369 411
1440 708
1874 1258
511 217
511 1899
511 1258
511 1998
1998 1144
1522 1899
1522 1963
999 1144
24 999
217 1899
217 1998
511 1144
852 1440
852 999
1369 1258
1874 1839
350 1258
1874 1874
1874 973
1578 1144
1258 1874
863 350
1874 350
1323 1874
852 999
1874 1522
1874 1899
1874 1963
1269 1998
1269 999
1440 1874
1522 1874
1522 1899
1522 1998
1963 1833
1963 1874
1963 1258
275 275
1440 1258
737 1144
737 628
737 553
1998 1874
1998 1258
1998 999
329 1258
329 999
1874 1874
1874 382
1440 1833
1440 1751
1440 1874
1440 1258
1440 999
1258 1839
1580 45
1580 1144
1874 329
1874 1768
833 513
833 1874
1440 1874
1522 1899
1522 1369
1198 1144
678 1440
1998 1258
1998 1874
1998 1974
1998 1963
1998 999
1998 1144
1998 999
1874 1833
1874 104
1874 1440
1874 1258
1874 999
1833 1440
1580 1144
1580 1894
1580 1501
1874 412
1874 362
1874 1144
295 1278
295 1874
295 999
1706 412
1706 539
585 999
1974 1179
1974 1874
1974 999
939 1144
939 1198
1150 1833
1150 1440
217 1874
217 511
217 1899
217 1998
1874 1586
1833 457
1833 1874
1833 1258
1833 999
412 1874
412 539
1586 350
1258 1833
1258 1874
1258 1440
1258 999
1874 1510
1874 1669
1874 1323
1874 465
1874 1258
1874 1792
1874 90
1874 479
1440 678
403 1144
1874 511
1874 1258
1874 1998
1874 999
1839 1576
1839 999
1839 1323
1839 1874
1839 457
1839 827
1839 1258
1839 899
1839 1586
1839 1440
1258 1874
1258 1963
1258 1998
1258 999
1874 1144
1874 1258
312 1684
312 1874
1174 1805
1440 1144
1440 1874
1998 1899
1706 1928
737 1380
1833 1440
1751 1874
511 1833
1760 962
1258 511
411 1144
329 1768
329 1874
329 1258
1874 999
1874 1974
1874 1258
1586 999
1874 1258
1198 1144
1874 1309
1874 511
1768 1874
1578 1144
1578 1380
1833 104
1833 1874
1833 1258
1833 1280
1833 1754
1258 1874
1258 1440
1198 605
1258 350
1440 1833
1874 1203
1874 1258
1833 1874
1998 1874
1998 1258
1998 1963
1998 999
511 1874
511 999
1894 1144
1380 1144
329 1874
329 1768
329 1987
1380 1144
999 1874
999 1258
907 1706
737 1144
1844 1144
1844 1894
1198 1144
1440 1874
1258 1501
350 1258
1998 1899
1712 963
1712 1
1712 1699
1712 1946
585 1874
1998 1874
1998 1258
1998 999
1839 1576
1839 999
1839 1874
1839 1323
1839 1586
1839 1258
513 1874
1833 1258
718 1
1874 1833
1874 1440
1874 1258
1874 999
34 1144
34 852
34 939
1874 1586
1844 45
1844 1144
999 429
1833 1874
1833 1258
1833 203
1833 999
939 1782
939 1144
939 1974
412 1770
412 465
412 1874
412 306
412 1792
833 1874
852 184
852 1144
852 34
852 1580
1622 1706
1874 1278
1874 1258
1874 1963
1874 999
1998 1963
1998 1874
1998 1258
1998 1369
1998 999
1999 1
1258 1874
1874 931
1874 1874
1874 1833
1874 999
1874 1258
1874 1754
1380 1144
1912 203
1912 1874
1912 15
1912 350
1269 999
457 1144
457 1974
1580 1580
1874 1193
1874 1874
1833 1874
1874 511
1440 1833
1833 585
411 1874
1989 1989
1198 1144
1258 1258
479 999
479 794
479 1874
479 1987
479 1767
479 419
479 412
479 1911
479 1587
479 852
1998 1899
1278 1899
1998 1144
1874 1839
1198 1440
411 1874
411 852
411 999
1440 1874
1440 1258
1440 999
1278 1874
1278 1258
1278 1963
1278 999
1278 1899
412 1874
1417 1874
1963 1833
1963 1874
1963 1258
1963 1998
1963 999
1198 1144
1440 1258
350 1258
350 1706
1874 203
1874 329
1874 1987
1874 153
1874 350
1874 1768
999 47
999 1874
999 1258
999 1963
939 1144
939 1198
1874 1751
1874 999
1874 1963
1874 453
1874 585
1874 1586
1874 1258
1874 1547
1874 1839
1998 1874
1998 1258
1998 999
1109 1874
737 1144
737 628
737 553
1894 852
1894 999
852 1144
852 1198
1844 1144
1844 605
217 1899
217 1998
999 1144
511 1874
1894 1144
1625 1625
1198 605
1198 939
1874 999
1874 1974
1874 1258
32 1706
1844 1144
1844 1198
585 1144
863 1998
863 1706
863 852
863 999
1874 1963
1874 1998
1874 1258
1874 1369
1874 999
1977 1706
1109 1874
1874 1963
1874 1258
1874 1998
1874 999
1839 1874
999 1874
999 1258
999 1998
740 1706
1258 1874
1258 1874
1258 1963
1258 1998
1258 999
1874 1874
1198 1144
1440 1144
1998 1874
1998 1258
1998 1963
1998 999
1258 1874
1998 1522
1998 1874
1998 1258
1998 1963
1998 999
1258 1440
1987 999
412 1465
1839 999
999 1874
999 1258
999 1998
301 301
718 1
1524 1874
1524 1258
1874 1899
605 45
605 1144
605 1291
999 1998
1586 999
1269 1998
1269 999
1874 1833
1874 1440
1874 1440
999 1510
999 1669
999 1874
999 1323
999 465
999 1258
999 1792
999 90
999 479
1628 1
1874 1258
1323 90
1323 1669
1323 1510
1323 1874
1323 465
1323 1792
1323 316
275 275
1440 1833
1440 1874
1440 1258
1440 999
511 1522
511 1899
1198 1144
1998 1874
1998 1258
1998 1963
1998 999
281 1874
1874 1323
1874 999
1258 1874
1626 1626
863 350
1874 1998
1440 1144
999 1874
999 1974
999 1587
999 1950
999 1878
999 852
1034 1493
1034 1874
1720 1706
1974 1782
1974 1144
1625 1625
45 1144
1878 999
1878 1874
1878 1974
1878 1587
1878 852
1878 1674
1894 1144
1440 1874
1912 1874
1874 1731
1628 1
24 429
1833 1440
585 1874
585 999
411 1899
1874 1269
1874 1998
1874 999
999 1586
999 1751
1874 412
1198 1144
1874 329
999 1440
1198 1144
1231 511
1963 1899
999 1833
999 1963
1874 829
1874 511
1440 1874
1706 1008
1874 177
1874 1258
1874 1998
1874 999
1874 511
1874 863
1874 1998
1874 999
999 1587
999 457
999 265
999 1269
999 1501
1874 1522
1874 1258
1874 1963
1874 1998
1874 999
216 1706
1833 1874
718 1
1874 1144
1874 585
45 1144
45 1580
25 1899
1258 1874
1258 1440
1198 1144
599 599
1874 1440
1874 1258
1874 999
939 1144
939 1894
1258 1839
1440 999
1198 1144
1198 34
1258 1833
1198 605
1198 939
1894 1144
656 1144
1874 1974
1770 465
511 1874
585 1144
1974 1874
1974 1258
1974 999
1440 1874
1440 1833
1440 1874
1440 1258
1440 999
999 1144
1833 1963
457 1144
1440 1874
1874 350
1874 1768
1874 329
1874 203
1874 1987
1808 1258
1839 1751
1839 999
1839 1874
1839 1963
1839 1258
1839 725
1478 1706
1998 1144
1874 1833
1874 1440
1369 511
1369 1874
1974 1144
1974 1894
1874 1034
1874 502
1874 1258
1874 1808
1874 1144
1874 1894
1874 1998
1874 999
457 1874
1198 1144
1524 1874
1878 257
1878 1179
1878 203
1878 410
1878 794
1878 329
1878 24
1878 1987
1878 419
1878 412
1878 1586
1878 306
1878 1792
1878 1587
1878 852
1878 465
1878 1768
1878 1874
1878 817
1706 585
1706 1998
907 1706
1011 1510
1011 1751
1011 574
1011 1874
1011 1523
1011 904
1011 1241
1011 465
1011 1878
1011 120
1011 999
1011 1278
1011 1987
1011 867
1011 1586
1011 1258
1011 1073
1011 556
1011 1670
1011 104
1011 558
1011 1669
1011 1430
1011 558
1011 1963
1011 419
1011 155
1011 864
1011 450
1011 463
1011 690
1011 1120
1011 1919
1011 457
1011 574
1011 827
1011 1792
1011 2006
1011 1839
34 1144
34 1198
1874 1440
1874 999
1203 1874
999 217
999 1899
999 1998
585 1144
1768 1874
1768 329
1768 1987
585 1144
585 1998
1874 603
1874 1131
1258 350
1440 1874
1874 1988
1874 1586
1874 1440
1874 1839
1874 1258
1258 1808
852 1501
852 1440
1988 1440
1504 1504
863 350
1988 1874
1874 829
1323 1833
1323 1874
1323 1258
1874 585
1874 1839
723 1144
585 1899
344 1144
620 203
620 1874
620 329
620 1987
620 350
620 1768
1440 1833
999 1833
999 1440
1440 1782
511 1874
511 1258
511 1998
511 999
1194 1144
737 1144
511 1231
585 1874
585 411
999 1144
1715 1706
1715 1258
1706 302
1706 329
1706 1768
1258 350
1258 1586
1369 217
1369 1899
1369 999
1587 1874
740 1706
1383 1874
1269 1269
1269 536
511 1874
1833 104
1833 1874
1833 1258
1833 1754
1874 217
1874 1899
1874 1998
1258 1874
1258 999
346 1706
465 1770
1 1255
1 1874
1839 93
1839 1258
1440 678
498 1706
585 1144
1278 1874
1278 1258
1278 1963
1278 999
817 1258
817 1874
817 1963
817 411
817 999
1894 1144
999 1144
1974 21
1580 1440
511 1874
511 1369
1974 217
1974 1899
1456 1706
1874 1625
1874 1440
1874 1258
1874 1493
1874 1034
1874 833
1874 1258
350 1258
1578 1144
1578 1380
585 434
585 1576
585 1369
585 1120
585 1323
585 165
585 904
585 1767
585 155
585 1878
585 999
585 1019
585 1987
585 12
585 1586
585 1258
585 1792
585 511
585 556
585 1669
585 1874
585 120
585 1963
585 1629
585 457
585 558
585 1619
585 1751
585 574
585 1430
585 1241
585 1402
585 827
585 2006
585 278
585 1440
585 1839
585 479
350 1258
1874 1440
1808 1874
1369 1998
1369 1874
1369 1258
1369 1963
1369 999
829 1874
1731 1874
1440 1258
947 1874
1874 585
1998 1522
1998 1874
1998 1258
1998 1963
1998 999
1974 1144
1974 1974
1770 1963
999 1440
999 1874
999 1874
999 1258
999 1998
1844 1144
1844 1894
1522 1874
1522 1899
1522 1963
511 47
511 1894
511 1874
511 999
511 1522
511 1899
511 999
1874 1440
411 1874
411 1258
411 1963
411 999
999 1144
1998 1899
277 1144
1198 1144
217 1899
217 1998
1440 1874
1894 1144
1706 1833
1706 1998
203 1874
1578 45
1578 1144
1874 1833
1874 1440
1369 217
1369 1899
1369 1998
1369 999
999 24
1874 1814
45 1782
45 1144
45 34
45 1198
1782 1144
1782 1440
999 1874
999 1258
1882 1874
511 1874
1874 47
1874 1258
1874 1963
1874 999
1625 1625
1874 345
949 1874
1874 511
1440 1874
1833 1440
1833 1874
1833 1258
1440 1782
411 1144
350 1912
1440 1874
1258 1440
999 1987
833 1874
999 1874
999 1258
999 1998
1874 1874
1874 511
1839 1510
1839 465
1839 1576
1839 1369
1839 1120
1839 1874
1839 165
1839 1323
1839 1767
1839 585
1839 1878
1839 1135
1839 999
1839 1987
1839 12
1839 1586
1839 1258
1839 1792
1839 511
1839 1669
1839 980
1839 2001
1839 1963
1839 1629
1839 419
1839 155
1839 1619
1839 243
1839 1751
1839 690
1839 904
1839 120
1839 457
1839 574
1839 827
1839 2006
1839 278
1839 1440
1839 479
1844 1144
1844 1194
1576 804
1576 1586
1576 418
217 1899
217 1998
1974 1998
1625 1625
1874 1833
1874 1258
585 999
341 1706
1874 1258
1998 1899
1874 350
1782 457
1782 1144
1782 1974
599 511
1258 1839
1874 312
1874 1684
1874 1833
1874 1144
1874 1998
1874 999
1625 1625
1522 1144
1625 1625
1874 1522
1874 1899
1874 1963
1874 1874
1874 973
852 1144
852 1894
1626 1626
1559 1874
350 1874
999 21
999 1899
1998 1899
217 1899
217 999
217 1278
217 1874
217 1963
217 1258
1380 1144
1258 1874
1258 1963
1258 1998
1258 999
1792 1770
1792 412
1792 1874
1792 306
1792 465
511 1874
511 1369
1782 1501
1782 656
1768 203
1768 329
1768 1874
1768 1987
1768 153
1768 350
585 1899
1998 1874
1998 1258
1998 999
1440 510
863 511
863 1706
863 1998
863 999
585 434
585 1576
585 1369
585 1120
585 1323
585 165
585 904
585 1767
585 155
585 1878
585 999
585 1019
585 1987
585 12
585 1586
585 1258
585 1792
585 511
585 556
585 1669
585 1874
585 120
585 1963
585 1629
585 457
585 558
585 1619
585 1751
585 574
585 1430
585 1241
585 1402
585 827
585 2006
585 278
585 1440
585 1839
585 479
1291 92
1291 1144
92 1144
92 1291
1291 1144
1291 403
1963 1874
1963 1258
1963 690
1963 999
1198 1144
656 1501
1874 1874
1874 1153
1874 1963
1874 1258
1874 1998
1874 999
217 1974
217 1899
1522 1899
1522 999
1770 412
1770 1874
1770 465
1770 306
1770 1792
999 1522
999 1899
999 1369
939 1144
939 1198
999 585
999 1874
1874 1440
1440 1874
1440 1874
1440 1258
1440 999
1505 1912
1874 350
1874 329
1874 1768
1874 203
1874 1987
585 1144
1974 21
1998 1874
1998 1258
1998 1963
1998 999
511 1874
1844 1144
1844 656
1369 1120
1369 465
1369 14
1369 1576
1369 203
1369 641
1369 410
1369 794
1369 1874
1369 272
1369 165
1369 1323
1369 585
1369 852
1369 47
1369 120
1369 999
1369 453
1369 1019
1369 1987
1369 1894
1369 1586
1369 1258
1369 1792
1369 1587
1369 1430
1369 1670
1369 980
1369 306
1369 690
1369 1743
1369 329
1369 1963
1369 419
1369 558
1369 412
1369 1501
1369 817
1369 266
1369 1434
1369 217
1369 1467
1369 25
1369 457
1369 1522
1369 890
1369 1241
1369 24
1369 1976
1369 511
1369 1440
1369 1179
1369 1839
92 1144
1440 1874
999 1144
999 1258
656 1144
1874 217
1874 1899
1874 999
1874 1278
1874 1963
1874 1258
341 1706
1839 1874
1833 94
1874 1144
1874 1586
1874 1258
1874 1751
1874 1839
1440 1580
1874 1497
457 1833
457 899
1874 1440
1440 1258
1131 1706
1782 1144
1782 656
1874 585
1839 1874
1839 104
1839 1323
1839 457
1839 1258
1839 899
1839 1547
1839 1440
1839 1751
1839 1833
1998 1144
1998 585
1833 1586
1833 574
1833 1839
852 1144
1998 1144
1258 1874
1497 1874
1874 1833
1874 1323
1874 1258
1874 1440
1874 1258
999 1987
1440 1988
1998 585
1737 115
1998 1874
1998 1258
1998 1963
1998 999
585 1998
1522 1269
1522 1874
1522 536
939 1144
1909 1874
1369 1899
1874 420
999 1874
1874 21
548 1874
1269 1522
1269 536
1874 1258
1998 1258
1998 1874
1998 1974
1998 1963
1998 999
1894 1144
999 585
1522 511
1522 1899
863 350
1987 1874
1987 999
1198 1144
1198 403
265 536
1258 1874
1874 1258
1874 1839
1998 1522
1998 1874
1998 1258
1998 1963
1998 999
350 1874
511 1309
1198 1144
833 1874
833 1258
939 1144
939 852
217 1899
217 999
1380 1998
1751 1625
1998 1144
1998 1380
1625 1625
1782 1144
1782 1974
93 1839
1578 1144
1578 1380
1874 1144
1844 1144
1844 1198
1440 999
1874 1144
211 211
1369 217
1369 1899
1369 1998
1578 1501
350 1258
838 1874
999 1874
1258 1874
1874 1587
1894 1144
1894 1501
1998 1874
1998 1258
1998 1963
1998 999
45 1144
1833 1874
939 1144
939 1258
1874 949
1839 1120
1839 1576
1839 203
1839 1510
1839 1874
1839 1830
1839 867
1839 1878
1839 999
1839 453
1839 465
1839 1586
1839 1258
1839 539
1839 1410
1839 1323
1839 1963
1839 419
1839 412
1839 1052
1839 1768
1839 511
1839 1792
1932 1874
1580 1144
1580 999
1369 1120
1369 465
1369 14
1369 1576
1369 203
1369 641
1369 410
1369 794
1369 1874
1369 272
1369 165
1369 1323
1369 585
1369 852
1369 47
1369 120
1369 999
1369 453
1369 1019
1369 1987
1369 1894
1369 1586
1369 1258
1369 1792
1369 1587
1369 1430
1369 1670
1369 980
1369 306
1369 690
1369 1743
1369 329
1369 1963
1369 419
1369 558
1369 412
1369 1501
1369 817
1369 266
1369 1434
1369 217
1369 1467
1369 25
1369 457
1369 1522
1369 890
1369 1241
1369 24
1369 1976
1369 511
1369 1440
1369 1179
1369 1839
1440 1258
1998 1144
1278 1874
1278 1258
1278 1963
1278 999
999 1874
999 1963
999 1998
999 1258
1839 585
1839 1874
1998 1874
1998 1258
1998 1963
1998 999
999 1874
999 852
999 411
1874 104
1874 1998
1874 1963
1874 1258
999 1522
999 1899
1874 1203
1258 1874
329 1768
329 1874
329 1258
833 1258
833 1874
1258 1874
1291 92
1291 1144
1440 1751
1440 1874
1440 1258
1440 999
1198 1144
1998 1144
1998 1198
1998 852
1998 1580
1440 999
1198 1144
1833 1440
1369 1998
1369 999
1369 1278
1369 1874
1369 1974
1369 585
1369 511
1369 1258
1369 411
1839 1510
1839 465
1839 1576
1839 1369
1839 1120
1839 1874
1839 165
1839 1323
1839 1767
1839 585
1839 1878
1839 1135
1839 999
1839 1987
1839 12
1839 1586
1839 1258
1839 1792
1839 511
1839 1669
1839 980
1839 2001
1839 1963
1839 1629
1839 419
1839 155
1839 1619
1839 243
1839 1751
1839 690
1839 904
1839 120
1839 457
1839 574
1839 827
1839 2006
1839 278
1839 1440
1839 479
1782 1144
1782 585
605 1144
605 1198
511 511
620 1768
620 1874
620 1047
1963 1522
1963 1874
1963 1258
1963 1998
1963 999
1194 1144
34 1144
1833 151
1833 1874
1833 1258
1833 999
1874 1258
1625 1625
211 211
341 1706
1874 31
45 1144
45 1291
511 511
999 1501
999 1874
999 1258
999 852
999 1998
1844 1144
1844 1998
1258 999
1874 1549
1874 295
1874 999
999 1278
999 1874
999 1258
999 1963
1999 1
999 1874
999 411
999 852
1792 1874
1278 1874
1278 1258
1278 1963
1278 999
1198 1144
1440 1833
420 1706
1874 203
1874 329
1874 1987
1874 153
1874 350
1874 1768
585 1874
1269 1522
45 1144
1963 1874
1963 1258
1963 411
1963 999
350 1258
1258 1899
1440 1874
1440 1258
1440 999
1874 1751
1874 999
1874 1963
1874 1258
1874 725
1874 1839
1874 1770
1874 1963
1198 1144
940 1874
1258 350
1974 1782
1974 1144
1580 1501
1580 1258
1814 1874
999 21
1258 350
1258 1440
1998 1874
1998 1258
1998 1963
1998 999
1198 1144
1866 1706
1874 833
1303 690
1374 1706
1874 1833
1874 1963
1874 999
1440 999
1751 1258
1751 1874
1751 999
999 429
999 21
999 1899
1839 1323
1839 1258
1522 1899
1522 999
1839 1287
904 1144
1258 1323
1258 1874
1258 1586
1258 350
1258 1244
1258 1839
1833 350
1833 1874
1833 1754
723 1144
1894 1144
511 1899
1974 1522
1440 1833
1974 1899
511 1874
1258 1874
1258 1874
1258 1144
1974 1144
1380 1144
1440 1874
1440 1874
999 21
341 1706
999 1987
1874 1963
1625 1625
1278 1144
511 1874
1580 1144
1580 1198
999 1586
1874 1258
999 1899
1874 1258
1874 690
1874 1963
1874 999
999 1874
999 1963
999 1998
999 1258
1874 400
1874 1874
999 1874
999 1258
367 1706
511 599
1974 1874
1974 1258
1974 1963
1974 999
1440 1144
1874 1258
1874 1998
1874 999
1626 1626
1833 1874
1874 1440
1874 852
1874 999
513 1874
1524 1258
939 1144
939 1198
963 71
1874 1440
350 1874
656 1144
999 1899
1751 1576
1440 1258
1874 1440
1874 1258
1874 999
1974 1899
1974 1258
1974 1874
1974 1963
1974 1998
1974 999
1874 1833
1874 1440
1874 1258
1874 999
1258 1874
1504 1504
1792 419
1792 628
1792 1768
1792 1874
689 1706
1580 1144
1580 656
45 1144
1833 1963
34 1144
1894 1144
1894 1998
1894 999
999 1258
999 1998
999 429
1258 1440
1380 1144
1974 1634
1021 1021
1278 1144
1782 1144
1782 34
1782 1198
1440 1874
1440 1258
1440 999
1380 1144
1998 1144
1998 1380
1839 1874
1839 1440
1580 737
1580 1380
411 1874
411 1258
411 1963
411 999
999 217
999 1899
1150 1833
1150 1440
1974 1144
1974 1894
1874 177
1874 1258
1874 1998
1874 999
1440 1874
1440 1258
1440 999
1258 1874
1670 1874
341 1706
1737 115
1874 1874
1874 382
1782 1144
1782 1198
1974 1144
1874 350
1874 1833
1874 1586
1874 203
539 1563
539 1874
605 1144
1198 1144
1839 1874
1874 329
1874 1258
1874 999
999 1278
999 1874
999 1894
999 511
999 1998
999 1144
1874 350
1874 1833
1522 1899
1522 411
1874 1323
1467 1899
1440 1833
999 1874
1198 1144
1440 1258
863 1706
863 1998
863 999
92 1144
1998 184
1998 1144
1998 34
1998 852
1998 1580
1440 1258
1963 1833
1963 1874
1963 1258
1963 999
288 999
999 1522
999 1899
1681 1874
999 1586
999 1751
690 1833
690 1963
1998 1144
295 1278
295 1874
295 999
341 1706
679 1706
511 217
511 1874
511 1899
511 1998
344 1974
344 1998
585 1874
585 999
1998 1874
1998 1258
1998 999
1874 1751
1874 1576
585 1144
1522 1278
1522 1899
1369 1522
1369 1874
1369 1899
1369 1963
217 1899
217 1998
1974 1144
999 1899
511 1874
1440 1304
217 1144
1874 1440
1874 1258
1874 1833
1833 1874
45 1144
1440 1874
1194 1144
45 1144
1440 1874
1833 511
1278 1144
1278 34
1833 1874
1440 1874
272 1198
272 605
272 939
904 1144
1874 1874
1874 973
723 1144
329 1874
1580 1144
1580 1198
1580 852
419 1179
419 683
419 794
419 1874
419 1987
419 412
419 817
419 153
419 1792
419 1587
419 852
1198 1144
1021 1021
1628 1
1998 1874
1833 1258
1278 1874
1278 1258
1278 1963
1278 999
1258 1369
1278 1144
1258 1874
1258 999
1625 1625
513 1874
1440 1833
1440 1874
1258 1874
1258 1963
1258 1998
1258 999
585 999
411 1874
411 852
411 999
1874 1258
1874 999
678 1874
678 701
1258 1874
1258 1963
1258 1998
1258 999
1839 1323
1839 1258
1874 350
1369 217
1369 1899
1369 1998
622 622
1198 737
1198 1144
1440 1258
1974 1258
1974 1874
1974 1963
1974 1998
1974 999
1998 1144
1874 440
1874 153
1874 1768
1258 1144
999 217
999 1899
999 1998
1440 1522
1782 1144
1782 1194
1874 400
1874 1874
510 1440
510 1988
1198 1144
32 1706
1258 1203
1198 1144
1998 1144
1874 2002
1792 1874
1809 1706
1782 1144
1782 1440
1874 419
1874 1768
1874 1792
1809 1706
1874 1833
1874 1440
1874 1258
1874 999
1198 1144
217 1278
217 1899
1440 1874
346 1706
1874 329
511 999
1522 1899
1522 999
1198 1144
1874 1278
1874 1258
1874 1963
1874 999
511 217
511 1874
511 1899
511 1998
1874 1792
1874 999
1894 1144
1874 1874
1874 1818
1269 1998
1269 999
863 511
863 1706
863 1998
863 999
999 21
999 1899
999 1899
511 1144
999 1278
999 1874
999 1258
999 1963
564 1706
656 1144
689 1706
1628 1
1874 350
585 1144
99 1706
513 1874
1380 1144
1874 1833
1874 1440
1874 999
1198 1144
1768 1874
1782 1144
1782 1974
1323 90
1323 1669
1323 1510
1323 1874
1323 465
1323 1792
1323 316
1728 1706
511 1874
1874 1899
999 1874
1833 1440
1833 1874
1833 999
1578 1144
1578 1380
622 622
1844 1144
1844 1998
1258 350
999 1963
999 1874
999 1258
999 1998
1874 1874
93 1874
1258 1144
1723 1874
1258 1440
1839 1258
1998 1144
1974 21
1874 1440
1833 999
1874 1203
1440 1874
1998 1144
1998 999
1874 1833
1874 1440
1198 605
1874 158
1874 833
1844 1144
1844 1198
1258 1874
1258 1874
1874 412
1874 1874
1580 1144
1580 1440
1874 1874
1874 973
511 1144
344 1144
1440 21
1874 1839
1874 1988
1258 1440
1874 1524
1874 999
211 211
511 217
511 1258
1198 1144
1625 1625
1878 999
1878 1874
1878 1974
1878 1587
1878 852
1878 1674
1440 1974
1839 1120
1839 1576
1839 203
1839 1510
1839 1874
1839 1830
1839 465
1839 1878
1839 999
1839 453
1839 1987
1839 1586
1839 1258
1839 539
1839 1669
1839 1792
1839 1963
1839 419
1839 412
1839 1052
1839 1768
1839 479
498 1706
1258 1874
1998 1258
1998 1369
1927 1144
1874 1768
939 1144
939 411
1258 1440
1522 585
1522 1899
939 1144
939 272
1258 350
585 1144
217 1899
217 1998
1198 939
1874 1833
1874 1258
1278 1874
1278 1258
1278 1963
1278 999
1051 1706
1874 1874
1874 1487
1258 1899
999 690
1874 1258
1874 1974
1874 1963
1874 999
1440 1833
1874 329
1874 1768
1874 1987
1874 1792
1874 1440
1874 1258
1874 999
1874 513
1369 1522
1369 1899
1369 999
1278 1874
1278 1258
1278 1963
1278 999
346 1706
1291 1144
1291 1380
1998 1144
45 1198
45 939
1912 1505
1782 1501
1782 1440
1894 1144
1580 1144
1580 1198
350 1258
1874 999
498 1706
25 585
1874 1874
1874 1818
1839 1510
1839 465
1839 1576
1839 1369
1839 1120
1839 1874
1839 165
1839 1323
1839 1767
1839 585
1839 1878
1839 1135
1839 999
1839 1987
1839 12
1839 1586
1839 1258
1839 1792
1839 511
1839 1669
1839 980
1839 2001
1839 1963
1839 1629
1839 419
1839 155
1839 1619
1839 243
1839 1751
1839 690
1839 904
1839 120
1839 457
1839 574
1839 827
1839 2006
1839 278
1839 1440
1839 479
1440 1258
108 1144
585 1144
939 605
939 1198
939 272
1768 329
567 1
1303 999
1998 217
1998 1258
1998 1899
939 1198
939 605
1963 104
1963 1874
1963 1258
1963 1998
1833 1440
1833 1874
1833 1258
1833 999
1580 1144
1580 1440
1974 1440
1974 1844
203 1874
1392 1392
1625 1440
1625 1874
1625 1258
12 1587
12 465
12 1874
12 1792
1580 1144
1580 1198
1580 852
1963 104
1963 1874
1963 1258
1963 1998
939 1144
939 1198
1098 1876
1098 895
793 1889
793 1889
793 1889
895 2027
453 895
793 1889
793 1889
793 1889
793 1889
453 895
453 1287
1106 1098
1500 421
869 56
1339 246
895 1601
453 56
1500 1876
453 895
453 895
651 246
793 1889
1625 1625
1669 56
1669 56
453 895
453 1287
453 56
793 1889
793 1889
793 1889
793 1889
793 1889
498 246
793 1889
793 1889
882 1377
882 1952
882 1306
882 1159
882 246
895 453
956 895
895 453
895 1287
453 895
793 1889
793 1889
1500 1669
1500 1906
1669 56
421 895
902 453
498 246
895 453
793 1889
453 56
453 895
793 1889
421 895
1774 895
1774 1876
895 1287
793 1889
1906 895
902 1159
902 895
895 453
793 1889
895 1876
1097 2016
1097 589
1097 895
1097 61
793 1889
793 1889
421 895
895 453
1287 895
793 1889
453 895
1601 895
793 1889
453 895
453 895
793 1889
1601 895
793 1889
421 895
895 453
793 1889
453 895
793 1889
793 1889
1500 453
1500 421
793 1889
453 902
453 56
453 702
956 895
793 1889
793 1889
793 1889
453 895
793 1889
793 1889
793 1889
1500 453
793 1889
453 895
793 1889
453 895
895 453
895 1287
1287 895
498 246
1906 1669
1665 1665
793 1889
453 902
421 895
895 453
895 713
895 1287
895 453
793 1889
895 1097
895 453
895 1601
793 1889
453 713
453 895
453 1287
895 421
793 1889
793 1889
737 737
993 869
869 56
511 511
122 993
1357 1701
498 1701
993 1857
869 993
1797 1701
691 993
993 697
993 519
453 56
1625 1625
1797 1701
193 1701
869 155
869 993
993 1857
869 453
1625 1625
993 1868
1625 1625
453 56
993 1857
1669 56
993 869
993 1857
993 472
869 993
341 1701
993 869
993 869
993 869
1625 1625
1669 56
869 993
882 1377
882 1701
882 1306
882 1159
882 1694
1797 1701
1625 1625
993 1868
1797 1701
993 150
993 869
993 869
1857 993
1625 1625
1797 1701
993 1906
1868 993
869 453
869 993
737 737
993 1857
869 993
1857 993
1857 993
301 301
1625 1625
993 702
993 1857
993 869
869 453
869 993
1625 1625
993 1906
1906 993
993 869
993 122
993 1857
993 453
993 869
993 869
993 869
993 1906
993 869
1625 1625
993 155
993 869
122 993
869 993
993 869
993 869
993 472
1768 1358
1768 798
993 869
993 691
869 993
993 869
341 1701
1625 1625
993 1920
993 702
341 1701
691 993
453 993
1625 1625
498 1701
993 869
1625 1625
993 1560
993 869
993 213
993 472
993 453
341 1701
1625 1625
618 1701
1906 993
453 869
1857 993
993 869
993 453
869 993
993 691
993 702
869 993
993 869
1625 1625
1762 1629
1625 1625
642 547
278 1669
1625 1625
498 547
341 547
278 1629
245 278
453 56
278 1669
278 1629
1629 278
1065 289
818 818
1625 1625
441 278
1839 999
702 98
453 56
987 547
278 245
1625 1625
511 511
1625 1625
453 56
278 1629
1762 278
301 301
441 1407
441 1629
278 245
278 453
341 547
1629 278
1601 278
585 434
585 1576
585 1369
585 1120
585 1323
585 165
585 904
585 1767
585 155
585 1878
585 999
585 1019
585 1987
585 12
585 1586
585 1258
585 1792
585 511
585 556
585 1669
585 1874
585 120
585 1963
585 1629
585 457
585 558
585 1619
585 1751
585 574
585 1430
585 1241
585 1402
585 827
585 2006
585 278
585 1440
585 1839
585 479
585 434
585 1576
585 1369
585 1120
585 1323
585 165
585 904
585 1767
585 155
585 1878
585 999
585 1019
585 1987
585 12
585 1586
585 1258
585 1792
585 511
585 556
585 1669
585 1874
585 120
585 1963
585 1629
585 457
585 558
585 1619
585 1751
585 574
585 1430
585 1241
585 1402
585 827
585 2006
585 278
585 1440
585 1839
585 479
737 737
1164 278
1601 278
341 547
1625 1625
1339 547
1629 1762
498 547
278 1629
278 383
278 1619
331 547
1625 1625
1625 1625
453 278
1625 1625
1625 1625
278 1838
999 585
1625 1625
1669 56
1839 1510
1839 465
1839 1576
1839 1369
1839 1120
1839 1874
1839 165
1839 1323
1839 1767
1839 585
1839 1878
1839 1135
1839 999
1839 1987
1839 12
1839 1586
1839 1258
1839 1792
1839 511
1839 1669
1839 980
1839 2001
1839 1963
1839 1629
1839 419
1839 155
1839 1619
1839 243
1839 1751
1839 690
1839 904
1839 120
1839 457
1839 574
1839 827
1839 2006
1839 278
1839 1440
1839 479
987 547
453 56
453 702
1625 1625
2024 547
1768 1358
1768 798
278 1601
498 547
278 1629
278 441
1629 278
737 737
1762 1629
1625 1625
1625 1625
1838 278
585 434
585 1576
585 1369
585 1120
585 1323
585 165
585 904
585 1767
585 155
585 1878
585 999
585 1019
585 1987
585 12
585 1586
585 1258
585 1792
585 511
585 556
585 1669
585 1874
585 120
585 1963
585 1629
585 457
585 558
585 1619
585 1751
585 574
585 1430
585 1241
585 1402
585 827
585 2006
585 278
585 1440
585 1839
585 479
987 547
1839 1510
1839 465
1839 1576
1839 1369
1839 1120
1839 1874
1839 165
1839 1323
1839 1767
1839 585
1839 1878
1839 1135
1839 999
1839 1987
1839 12
1839 1586
1839 1258
1839 1792
1839 511
1839 1669
1839 980
1839 2001
1839 1963
1839 1629
1839 419
1839 155
1839 1619
1839 243
1839 1751
1839 690
1839 904
1839 120
1839 457
1839 574
1839 827
1839 2006
1839 278
1839 1440
1839 479
511 511
869 1718
869 713
869 817
511 511
1669 278
869 56
278 1629
278 1762
1838 547
737 737
987 547
245 278
585 434
585 1576
585 1369
585 1120
585 1323
585 165
585 904
585 1767
585 155
585 1878
585 999
585 1019
585 1987
585 12
585 1586
585 1258
585 1792
585 511
585 556
585 1669
585 1874
585 120
585 1963
585 1629
585 457
585 558
585 1619
585 1751
585 574
585 1430
585 1241
585 1402
585 827
585 2006
585 278
585 1440
585 1839
585 479
1669 56
453 278
1669 56
278 453
245 278
1839 1510
1839 465
1839 1576
1839 1369
1839 1120
1839 1874
1839 165
1839 1323
1839 1767
1839 585
1839 1878
1839 1135
1839 999
1839 1987
1839 12
1839 1586
1839 1258
1839 1792
1839 511
1839 1669
1839 980
1839 2001
1839 1963
1839 1629
1839 419
1839 155
1839 1619
1839 243
1839 1751
1839 690
1839 904
1839 120
1839 457
1839 574
1839 827
1839 2006
1839 278
1839 1440
1839 479
1625 1625
1625 1625
98 1629
98 278
1625 1625
1874 1510
1874 1669
1874 1323
1874 465
1874 1258
1874 1792
1874 90
1874 479
1 1669
1 1969
1669 702
869 453
1669 1749
1277 1669
1669 1881
1669 1586
803 1669
453 869
1669 1114
1669 1906
1669 453
1669 1187
1669 155
1669 410
1839 999
869 453
1120 1576
1120 1669
1120 385
1120 479
999 1874
999 1323
1669 453
1669 1554
1669 2027
1669 1277
1669 155
453 1669
453 1287
2027 1669
1669 702
1669 2010
1881 1669
1619 1669
1287 1669
1287 453
1669 453
1669 869
1698 1669
1 1669
1669 869
1 1669
1 1391
155 1669
1601 1669
1874 1323
1874 999
1669 1846
1669 1839
1669 1277
1323 90
1323 1669
1323 1510
1323 1874
1323 465
1323 1792
1323 316
1669 730
1669 869
999 1510
999 1669
999 1874
999 1323
999 465
999 1258
999 1792
999 90
999 479
1669 1394
1669 1619
634 1669
630 1277
1669 730
2027 1430
1669 1629
702 1669
155 1669
1669 702
1669 1586
1669 702
991 1669
1 1669
1 1643
702 1669
1669 220
1669 634
1698 1377
278 1669
872 1669
453 56
1669 1698
476 1669
453 895
453 1287
1 1669
713 869
1669 1906
1669 155
1669 1881
1629 1669
1669 26
1045 1669
1669 1876
1430 2027
1669 634
1 1669
1 1448
1669 1629
1874 999
1874 1258
1874 1323
1874 1402
1874 1523
1874 385
1874 90
1874 1214
1874 867
1277 1669
1293 1669
1293 1293
1669 1881
2027 1430
1669 1839
453 869
1669 2010
987 1377
1669 410
1669 453
155 1669
1881 1377
1669 1601
1669 555
1323 1874
1418 41
1669 1813
1669 634
1669 1881
1839 1120
1839 1576
1839 203
1839 1510
1839 1874
1839 1830
1839 465
1839 1878
1839 999
1839 453
1839 1987
1839 1586
1839 1258
1839 539
1839 1669
1839 1792
1839 1963
1839 419
1839 412
1839 1052
1839 1768
1839 479
1669 1906
1 1669
1 46
634 1669
634 141
737 737
1906 1669
1669 453
585 434
585 1576
585 1369
585 1120
585 1323
585 165
585 904
585 1767
585 155
585 1878
585 999
585 1019
585 1987
585 12
585 1586
585 1258
585 1792
585 511
585 556
585 1669
585 1874
585 120
585 1963
585 1629
585 457
585 558
585 1619
585 1751
585 574
585 1430
585 1241
585 1402
585 827
585 2006
585 278
585 1440
585 1839
585 479
1669 453
1669 1876
1669 478
585 434
585 1576
585 1369
585 1120
585 1323
585 165
585 904
585 1767
585 155
585 1878
585 999
585 1019
585 1987
585 12
585 1586
585 1258
585 1792
585 511
585 556
585 1669
585 1874
585 120
585 1963
585 1629
585 457
585 558
585 1619
585 1751
585 574
585 1430
585 1241
585 1402
585 827
585 2006
585 278
585 1440
585 1839
585 479
943 1669
943 634
702 1669
1120 1669
1669 634
453 1669
1669 1749
1619 1669
1669 1881
1120 1669
1586 1839
1669 1586
1669 1394
341 1669
1698 1377
1430 1212
1430 146
1430 1036
730 1669
1669 114
301 301
2026 1377
453 1669
1669 1881
1669 1956
511 511
1669 410
453 869
713 1956
341 1669
341 1669
1669 869
1669 713
634 1669
2027 1669
1669 1601
1669 1619
1669 730
1669 634
1669 1277
1881 1669
453 869
1669 155
1277 1669
1669 114
1669 1881
341 1669
754 1377
713 1669
2010 1669
453 869
453 1669
453 713
1669 1550
737 737
1669 730
1669 702
1669 155
1669 2027
1669 1277
1669 630
1669 869
1045 1669
1669 155
1669 1277
1669 2027
1839 1287
1669 713
1886 1377
869 1669
869 155
1669 702
2010 1669
453 1669
1277 1669
1277 2027
1277 630
1669 453
1698 1377
1669 453
1669 634
1669 1881
363 1287
363 1611
363 1377
702 1669
1768 1358
1768 798
453 1669
1120 1669
1839 1120
1839 1576
1839 203
1839 1510
1839 1874
1839 1830
1839 465
1839 1878
1839 999
1839 453
1839 1987
1839 1586
1839 1258
1839 539
1839 1669
1839 1792
1839 1963
1839 419
1839 412
1839 1052
1839 1768
1839 479
453 869
1669 702
1669 1287
1669 453
1045 1669
1669 56
1669 453
1669 730
453 1669
1839 1510
1839 465
1839 1576
1839 1369
1839 1120
1839 1874
1839 165
1839 1323
1839 1767
1839 585
1839 1878
1839 1135
1839 999
1839 1987
1839 12
1839 1586
1839 1258
1839 1792
1839 511
1839 1669
1839 980
1839 2001
1839 1963
1839 1629
1839 419
1839 155
1839 1619
1839 243
1839 1751
1839 690
1839 904
1839 120
1839 457
1839 574
1839 827
1839 2006
1839 278
1839 1440
1839 479
1881 1669
1669 1159
1669 1839
730 1669
869 1669
869 453
869 713
1698 1377
1 1669
1222 1377
1669 713
1669 1586
1669 872
713 1669
999 585
713 1669
1669 1586
453 869
730 1669
869 453
1839 1120
1839 1576
1839 203
1839 1510
1839 1874
1839 1830
1839 867
1839 1878
1839 999
1839 453
1839 465
1839 1586
1839 1258
1839 539
1839 1410
1839 1323
1839 1963
1839 419
1839 412
1839 1052
1839 1768
1839 511
1839 1792
1881 1669
1669 1586
1846 1669
1277 1669
1881 1669
1881 1377
1669 702
453 56
453 702
1698 1377
1669 1586
1669 702
1669 2010
1669 869
1669 1813
155 1669
1669 702
1669 155
1669 634
702 1669
1601 1669
634 1669
1669 453
453 1669
1669 1906
1277 1669
1277 2027
1277 155
1277 630
1839 1510
1839 465
1839 1576
1839 1369
1839 1120
1839 1874
1839 165
1839 1323
1839 1767
1839 585
1839 1878
1839 1135
1839 999
1839 1987
1839 12
1839 1586
1839 1258
1839 1792
1839 511
1839 1669
1839 980
1839 2001
1839 1963
1839 1629
1839 419
1839 155
1839 1619
1839 243
1839 1751
1839 690
1839 904
1839 120
1839 457
1839 574
1839 827
1839 2006
1839 278
1839 1440
1839 479
869 1669
869 713
1550 1669
1550 476
1669 1881
1669 453
1669 1277
1669 1586
1669 991
1669 56
1669 155
1011 1510
1011 1751
1011 574
1011 1874
1011 1523
1011 904
1011 1241
1011 465
1011 1878
1011 120
1011 999
1011 1278
1011 1987
1011 867
1011 1586
1011 1258
1011 1073
1011 556
1011 1670
1011 104
1011 558
1011 1669
1011 1430
1011 558
1011 1963
1011 419
1011 155
1011 864
1011 450
1011 463
1011 690
1011 1120
1011 1919
1011 457
1011 574
1011 827
1011 1792
1011 2006
1011 1839
869 1669
1669 56
1698 1377
1641 1377
1669 1120
155 869
155 1669
585 434
585 1576
585 1369
585 1120
585 1323
585 165
585 904
585 1767
585 155
585 1878
585 999
585 1019
585 1987
585 12
585 1586
585 1258
585 1792
585 511
585 556
585 1669
585 1874
585 120
585 1963
585 1629
585 457
585 558
585 1619
585 1751
585 574
585 1430
585 1241
585 1402
585 827
585 2006
585 278
585 1440
585 1839
585 479
1669 730
1669 1586
1669 1906
453 869
1669 1906
1669 1881
737 737
453 869
453 1669
453 1277
453 630
363 1287
363 1611
363 1377
1669 1120
869 155
869 1669
1881 1669
453 1669
869 56
1669 26
511 511
1669 278
869 453
1881 1669
1669 869
1839 1510
1839 465
1839 1576
1839 1369
1839 1120
1839 1874
1839 165
1839 1323
1839 1767
1839 585
1839 1878
1839 1135
1839 999
1839 1987
1839 12
1839 1586
1839 1258
1839 1792
1839 511
1839 1669
1839 980
1839 2001
1839 1963
1839 1629
1839 419
1839 155
1839 1619
1839 243
1839 1751
1839 690
1839 904
1839 120
1839 457
1839 574
1839 827
1839 2006
1839 278
1839 1440
1839 479
1669 702
1669 1287
2027 1277
1669 2027
511 511
1641 1377
1669 1876
1839 1669
1669 1698
453 869
1045 1669
1669 1323
1669 872
585 434
585 1576
585 1369
585 1120
585 1323
585 165
585 904
585 1767
585 155
585 1878
585 999
585 1019
585 1987
585 12
585 1586
585 1258
585 1792
585 511
585 556
585 1669
585 1874
585 120
585 1963
585 1629
585 457
585 558
585 1619
585 1751
585 574
585 1430
585 1241
585 1402
585 827
585 2006
585 278
585 1440
585 1839
585 479
1669 1120
1669 634
453 1669
869 1669
869 713
1669 634
1669 1876
1586 1669
1669 155
1641 1377
1550 1669
1669 476
1669 1550
869 453
363 1287
363 1611
363 1377
895 1287
1287 1876
2006 1876
2006 1287
1669 702
498 1952
1839 1287
1799 1952
1287 1287
577 1190
1287 431
1876 1287
1287 1876
453 895
453 1287
453 56
1876 1952
702 1669
1876 1287
1876 691
1876 1952
895 1669
1287 1876
1357 1952
1876 1287
1876 1287
1287 1876
1876 1287
895 453
1774 1287
702 1691
453 895
895 453
895 1287
702 1287
1302 1287
1669 56
453 895
453 1287
882 1377
882 1952
882 1306
882 1159
882 246
453 56
1669 702
1669 1287
453 895
453 895
1287 1876
453 1669
453 1287
1876 1287
895 453
1 1287
1287 1774
453 56
1209 1287
1669 56
453 895
1669 56
498 1952
1876 1287
1287 713
691 1287
1287 1527
1287 1876
1876 1287
498 1952
702 1287
1669 702
1876 1091
691 691
301 301
1116 1952
1328 713
1328 453
870 1287
1876 1287
1287 279
1120 1287
1876 1287
1287 713
870 1287
1876 1287
1352 2014
1287 1460
453 895
1116 1952
1120 1287
1328 1287
1328 713
511 511
895 1669
895 1906
1669 702
1669 1287
1352 2014
511 511
1287 1876
691 106
1287 1876
1876 1952
1287 702
1287 1876
1287 155
1287 1277
869 56
1876 1287
1302 1287
2006 1287
1352 2014
691 1287
1287 691
453 895
713 1287
702 1669
1287 1669
1287 453
895 453
895 453
895 713
895 1287
1287 1550
453 895
1339 1952
895 453
1876 2006
1 1287
453 702
453 56
1876 1619
106 691
1287 1669
2006 1876
1768 1358
1768 798
1328 713
1328 453
1287 1876
691 1287
1287 1876
1287 1876
1328 713
1328 453
1287 1876
1272 1287
1287 1550
1550 1287
702 2027
702 1691
691 1287
1287 453
453 895
895 453
1287 453
1287 870
895 453
702 1669
895 1287
453 895
1287 1272
1287 2006
1287 1876
1287 453
707 1952
895 453
1774 1287
895 453
1876 1952
1287 1669
1287 702
1287 630
453 713
453 895
453 1287
895 1287
691 1287
1287 1876
453 895
511 511
702 48
895 453
1287 895
1287 1287
453 895
1277 155
1277 1287
1287 1876
1287 1209
1287 1120
691 1287
1287 1876
1876 1287
1460 1287
1287 691
691 1287
1287 1876
1287 1120
1287 895
1287 1876
1287 1876
601 1952
