1831 453
266 266
223 1159
228 1159
1629 453
1906 386
1906 1424
1906 1377
1906 246
1906 1159
1906 1306
691 453
1159 760
1846 1669
1258 1258
217 1151
217 841
511 1120
511 465
511 14
511 1576
511 1369
511 641
511 410
511 794
511 1874
511 272
511 165
511 1323
511 585
511 852
511 47
511 203
511 120
511 999
511 453
511 1019
511 1987
511 1894
511 1586
511 1258
511 1792
511 1587
511 1430
511 1670
511 980
511 306
511 690
511 1743
511 329
511 1963
511 419
511 558
511 412
511 1501
511 817
511 266
511 1434
511 217
511 1467
511 25
511 457
511 1522
511 890
511 1241
511 24
511 1976
511 1440
511 1179
511 1839
882 1594
882 1906
882 1306
882 1159
882 1377
1159 691
630 453
1287 453
1758 1159
882 1906
882 386
882 1424
882 1306
882 1377
882 1159
882 246
1625 1625
760 453
1277 453
760 453
1339 453
453 1576
369 453
1385 453
1758 1159
1159 369
1192 453
882 449
882 1159
882 1377
137 1159
1625 1625
1157 1159
882 1594
882 1906
882 1306
882 1159
882 1377
1625 1625
266 266
1625 1625
1669 56
1159 760
1037 430
1037 1159
1037 1377
764 1159
223 1159
1625 1625
1037 80
1037 1444
1037 1195
1037 1306
1037 1377
1037 1159
1037 1981
1625 1625
217 1151
217 841
500 1159
1155 891
1159 1201
1159 1526
1159 702
882 1906
882 386
882 1424
882 1306
882 1377
882 1159
882 246
1669 1846
453 1287
87 1159
266 266
1669 453
1831 453
1159 209
453 630
453 630
1159 1669
1328 713
1328 453
1159 869
1159 993
1998 1151
1998 217
1998 841
5 1159
1625 1625
630 453
129 1159
453 56
511 511
993 869
993 578
1942 1151
1669 453
760 453
1669 453
5 1159
1159 1575
1625 1625
1669 453
764 1159
1 453
223 1159
1998 1151
1998 217
1998 1942
453 630
5 1159
882 1306
882 1906
882 386
882 1377
882 1159
882 246
1583 1159
1 453
1846 453
223 1159
946 1159
1550 453
293 713
1287 453
1618 1159
1618 572
882 449
882 1159
882 1377
412 999
1625 1625
1287 453
630 453
1625 1625
1669 453
1839 1120
1839 1576
1839 203
1839 1510
1839 1874
1839 1830
1839 465
1839 1878
1839 999
1839 453
1839 1987
1839 1586
1839 1258
1839 539
1839 1669
1839 1792
1839 1963
1839 419
1839 412
1839 1052
1839 1768
1839 479
872 1669
1246 1159
1625 1625
702 1768
266 266
1792 463
1792 203
1792 1550
1526 453
266 266
1576 453
217 1151
217 841
2027 155
2027 56
841 1151
129 1159
1800 1159
223 1159
869 453
223 1159
223 1159
764 1159
741 991
1942 1151
1625 1625
1839 1120
1839 1576
1839 203
1839 1510
1839 1874
1839 1830
1839 465
1839 1878
1839 999
1839 453
1839 1987
1839 1586
1839 1258
1839 539
1839 1669
1839 1792
1839 1963
1839 419
1839 412
1839 1052
1839 1768
1839 479
1625 1625
1 453
882 1306
882 1906
882 386
882 1377
882 1159
882 246
943 1151
943 1522
943 1942
266 266
691 106
841 1151
106 691
917 1159
1328 1587
1328 897
1328 1070
1328 358
1328 572
1328 245
1328 1158
1328 453
1328 410
1037 80
1037 1444
1037 1195
1037 1306
1037 1377
1037 1159
1037 1981
1287 453
987 1159
1906 1594
1906 1306
1906 1159
1906 1377
1792 463
1792 203
1792 1550
1955 2027
266 266
737 737
1625 1625
498 1159
87 1159
1159 1831
1998 1151
1998 217
1998 841
841 1151
453 869
453 1669
1983 1159
369 453
841 1151
1287 453
1385 453
1369 1369
702 453
1998 1151
1998 217
1998 841
991 741
630 453
453 691
1159 369
1669 453
228 1159
2013 1159
1957 453
1157 1159
1522 1151
1522 1942
998 453
1246 1159
498 1159
453 1669
1037 1195
1037 1159
1037 1377
1669 56
1159 1669
702 453
841 1151
841 217
1037 430
1037 1159
1037 1377
630 453
1159 1781
1874 1874
1629 453
1159 1520
453 329
1526 453
453 760
1441 1159
1301 1979
1159 713
1520 453
453 1629
1037 80
1037 1444
1037 1195
1037 1306
1037 1377
1037 1159
1037 1981
882 1306
882 1906
882 386
882 1377
882 1159
882 246
1625 1625
1384 1159
1159 869
1625 1625
987 1159
915 991
1625 1625
1404 1159
223 1159
2027 1955
137 1159
1159 369
369 453
1874 1874
353 453
137 1159
453 702
760 453
1037 430
1037 1159
1037 1377
1159 760
223 1159
1220 1220
478 1906
2027 453
760 453
882 449
882 1159
882 1377
882 1594
882 1906
882 1306
882 1159
882 1377
737 737
1159 713
999 585
1669 872
841 1151
1758 1159
1882 453
1 453
943 1151
943 217
943 1942
1576 453
882 1306
882 1159
882 1377
363 1159
217 1151
217 841
1800 1159
1385 453
1669 453
1550 869
1550 203
1550 1792
293 713
760 453
760 1023
993 453
329 453
1159 209
217 1151
217 1942
630 453
1384 1159
1328 1587
1328 897
1328 1070
1328 358
1328 572
1328 245
1328 1158
1328 453
1328 410
329 453
987 1159
245 1058
245 410
245 453
245 329
245 1906
245 1587
245 1987
245 1768
760 453
1876 453
1159 1039
223 1159
1328 713
1328 453
882 449
882 1159
882 1377
1655 1159
453 1876
217 1151
217 1942
869 1669
869 453
367 1159
266 266
943 1151
943 217
943 841
353 453
841 1151
841 943
841 217
841 1942
841 1151
841 217
1575 453
805 1159
1159 1906
882 449
882 1159
882 1377
1157 1159
266 266
1625 1625
1876 453
1550 869
1550 203
1550 1792
453 702
1159 760
453 195
1792 585
1792 999
266 266
223 1159
882 1594
882 1906
882 1306
882 1159
882 1377
223 1159
991 915
453 1669
1625 1625
1942 1151
943 217
943 841
943 1425
1159 1577
1441 1159
263 1159
453 1956
1550 869
1550 203
1550 1792
217 1151
217 841
223 1159
805 1159
1625 1625
1039 453
223 1159
1669 453
969 453
1669 56
1159 1831
882 449
882 1159
882 1377
1192 453
1906 453
1159 1520
987 1159
1 453
691 453
453 702
1037 80
1037 1444
1037 1195
1037 1306
1037 1377
1037 1159
1037 1981
1526 1159
1906 386
1906 1424
1906 1377
1906 246
1906 1159
1906 1306
1768 453
630 453
453 993
129 1159
363 1159
1369 1120
1369 465
1369 14
1369 1576
1369 203
1369 641
1369 410
1369 794
1369 1874
1369 272
1369 165
1369 1323
1369 585
1369 852
1369 47
1369 120
1369 999
1369 453
1369 1019
1369 1987
1369 1894
1369 1586
1369 1258
1369 1792
1369 1587
1369 1430
1369 1670
1369 980
1369 306
1369 690
1369 1743
1369 329
1369 1963
1369 419
1369 558
1369 412
1369 1501
1369 817
1369 266
1369 1434
1369 217
1369 1467
1369 25
1369 457
1369 1522
1369 890
1369 1241
1369 24
1369 1976
1369 511
1369 1440
1369 1179
1369 1839
1979 1155
263 1159
1159 1550
737 737
882 449
882 1159
882 1377
453 56
1876 453
209 453
223 1159
228 1159
1404 1159
1441 1159
702 453
1105 1159
943 1151
943 217
943 841
1220 1220
760 453
266 266
1287 453
1274 1069
1274 404
1274 1155
1274 91
1274 191
1274 453
1274 1993
1274 1405
1274 44
1274 734
1274 388
1274 348
1274 509
1274 1667
1274 1103
1274 1445
1274 2025
1274 516
1274 1042
1274 1975
1274 1803
1274 958
1274 783
1274 1528
1274 488
1274 891
137 1159
1800 1159
87 1159
223 1159
1618 1159
882 449
882 1159
882 1377
841 943
882 449
882 1159
882 1377
223 1159
869 453
869 993
1039 453
1159 1669
129 1159
1575 453
1159 1287
453 1876
1159 1480
1669 453
444 1159
1618 1159
1 453
1287 453
1625 1625
630 453
1839 1120
1839 1576
1839 203
1839 1510
1839 1874
1839 1830
1839 465
1839 1878
1839 999
1839 453
1839 1987
1839 1586
1839 1258
1839 539
1839 1669
1839 1792
1839 1963
1839 419
1839 412
1839 1052
1839 1768
1839 479
223 1159
869 453
713 453
702 453
1037 80
1037 1444
1037 1195
1037 1306
1037 1377
1037 1159
1037 1981
155 56
137 1159
891 1803
585 1144
882 449
882 1159
882 1377
702 453
137 1159
1159 713
1550 453
1625 1625
137 1159
178 453
1159 702
498 1159
263 1159
1 453
882 449
882 1159
882 1377
1246 1159
223 1159
1625 1625
1159 869
943 1151
943 217
943 841
943 1998
1998 1151
1998 217
1998 841
1768 702
2027 1955
223 1159
453 1669
362 1465
1369 1120
1369 465
1369 14
1369 1576
1369 203
1369 641
1369 410
1369 794
1369 1874
1369 272
1369 165
1369 1323
1369 585
1369 852
1369 47
1369 120
1369 999
1369 453
1369 1019
1369 1987
1369 1894
1369 1586
1369 1258
1369 1792
1369 1587
1369 1430
1369 1670
1369 980
1369 306
1369 690
1369 1743
1369 329
1369 1963
1369 419
1369 558
1369 412
1369 1501
1369 817
1369 266
1369 1434
1369 217
1369 1467
1369 25
1369 457
1369 1522
1369 890
1369 1241
1369 24
1369 1976
1369 511
1369 1440
1369 1179
1369 1839
50 1667
50 1274
369 453
453 630
1159 991
872 1669
1998 1151
1998 217
1998 1942
943 1151
943 217
943 841
943 1998
1328 1587
1328 897
1328 1070
1328 358
1328 572
1328 245
1328 1158
1328 453
1328 410
1625 1625
1328 713
1328 453
1625 1625
805 1159
1669 453
1287 453
1667 1274
223 1159
1159 1768
987 1159
353 453
1159 1526
223 1159
369 453
882 449
882 1159
882 1377
760 453
453 760
702 453
702 1768
1159 1277
630 453
223 1159
1587 453
137 1159
737 1144
511 1874
511 1179
511 585
511 999
1911 1706
1874 833
1522 1144
1522 999
1522 1258
1522 1899
1874 1874
1874 1818
511 1874
347 1874
1894 1899
1894 1998
1258 1998
1198 1144
1380 1144
1874 511
1874 1974
1258 350
1258 1586
1258 1874
1258 1751
1874 1874
1874 521
511 1874
827 1144
723 1144
1369 1120
1369 465
1369 14
1369 1576
1369 203
1369 641
1369 410
1369 794
1369 1874
1369 272
1369 165
1369 1323
1369 585
1369 852
1369 47
1369 120
1369 999
1369 453
1369 1019
1369 1987
1369 1894
1369 1586
1369 1258
1369 1792
1369 1587
1369 1430
1369 1670
1369 980
1369 306
1369 690
1369 1743
1369 329
1369 1963
1369 419
1369 558
1369 412
1369 1501
1369 817
1369 266
1369 1434
1369 217
1369 1467
1369 25
1369 457
1369 1522
1369 890
1369 1241
1369 24
1369 1976
1369 511
1369 1440
1369 1179
1369 1839
1894 1144
1987 1587
1987 1768
1987 153
1987 1874
1987 852
1586 350
1894 536
1894 1874
1894 1974
1894 1899
1894 999
1874 1120
1258 21
131 1
1874 1586
999 1522
999 1144
1380 1144
1369 1144
817 1522
817 1899
817 411
1278 1309
1278 1874
1998 1144
1998 999
1844 1587
1844 1501
1844 1874
1844 852
1844 999
1258 585
1258 1899
1258 1998
1258 999
1874 1299
1874 940
1587 457
1587 1399
1587 1874
1587 683
1587 852
1440 1874
1440 1258
1440 999
1131 1706
1839 1287
656 1144
1522 1963
1522 1874
1522 1258
1522 411
1522 999
1258 1894
1440 1874
1440 1258
1440 999
585 1144
1522 457
1522 412
1626 1626
1380 1144
217 999
403 1144
999 1440
999 1874
999 1974
999 1258
1278 1144
266 266
810 1874
1874 1062
1874 1874
1278 1874
1278 999
585 1278
1992 1144
1992 1440
1751 1756
1751 1663
1751 1586
1751 203
266 266
1239 1144
1930 817
1706 1258
1706 1963
1706 1998
1706 999
1591 795
1591 1706
1591 1253
1256 1874
511 1899
511 1522
511 585
511 47
511 1258
585 1144
1706 999
1706 1587
1706 1792
1874 1167
217 1974
217 1899
1586 1874
1586 1258
1586 999
1814 1874
833 1258
341 1706
1258 1874
1258 999
1874 999
1874 1751
1874 1258
1998 1258
1998 852
999 1963
999 1874
999 1258
999 1998
1998 1874
1998 1258
1998 1963
1998 999
1578 1144
1578 1198
1839 1120
1839 1576
1839 203
1839 1510
1839 1874
1839 1830
1839 465
1839 1878
1839 999
1839 453
1839 1987
1839 1586
1839 1258
1839 539
1839 1669
1839 1792
1839 1963
1839 419
1839 412
1839 1052
1839 1768
1839 479
1974 1144
1522 585
1522 1899
1874 229
511 1440
511 1258
1258 1874
1258 1768
585 1144
1198 1144
1874 1258
1874 1440
1874 1974
1874 999
1844 1144
1844 411
1580 1144
1580 1874
1522 1258
1522 1899
1625 1625
203 1258
1894 1258
1894 1899
1894 999
1974 1874
1974 1440
1974 1258
1974 999
833 1874
1839 1874
1839 1586
999 1587
999 1269
999 1874
999 536
312 1874
312 1258
1992 1198
1992 723
252 1
1974 1144
1974 1369
1380 1144
1565 1440
1198 1144
266 266
585 1144
585 344
217 999
217 1874
217 177
217 511
217 1258
217 1998
1844 1144
1844 1380
585 1144
1874 1751
1874 203
1874 747
723 1144
1047 1930
1974 1144
1440 1874
1440 1258
1440 999
521 1874
1258 1144
1258 585
999 536
999 1974
999 1899
1974 217
1974 1899
1974 1258
1974 1998
511 1874
1874 536
1874 1974
1874 1899
1874 999
999 1144
999 1369
1992 1144
1992 723
1874 350
1874 1258
1874 1440
817 1751
817 999
817 1874
817 1963
817 1586
817 1258
817 411
817 1807
1578 1144
1578 1239
1580 1144
1580 1440
1258 1974
1957 1874
1380 1144
1839 1287
1198 1144
511 1874
1258 1874
511 1874
511 1874
511 1974
1239 1144
1874 1903
1874 999
1440 1874
1578 1144
1578 1380
1522 1899
1522 411
1737 115
217 1899
217 1974
217 1998
217 1258
605 1144
1258 1874
1777 795
1777 1501
1777 390
411 1899
1844 536
1844 1998
1844 999
999 1501
252 1
999 1144
1580 1522
1580 1144
1380 1144
999 1080
999 1974
999 1998
999 1258
1625 1625
1586 1258
1587 1501
1587 1874
1587 852
1587 999
1874 469
1706 511
149 829
149 1874
1514 1706
1198 1144
211 211
1291 1291
1021 1021
1258 1258
1380 1144
1998 1258
1998 852
1992 1144
1992 1369
1992 999
1625 1625
1586 1258
999 585
999 1874
1440 1144
1706 1974
1179 1874
1874 1963
1874 1258
1874 411
1874 999
599 599
999 1782
1894 1144
999 585
903 1144
903 1380
479 1586
852 1144
852 1380
939 1144
1258 999
1258 1874
1258 1844
1258 1501
1258 1587
1258 852
1221 1874
511 511
747 1874
585 217
585 999
411 1874
411 1258
411 1963
411 999
585 1144
585 1258
585 999
411 1751
411 999
411 1874
411 1963
411 1586
411 1258
411 1807
411 817
1625 1625
1501 999
411 1874
411 1258
411 1963
411 999
1874 1278
1874 1751
1874 1258
1874 1963
1874 999
1323 1586
1323 1874
1258 350
1258 1874
266 266
1258 1874
1258 1586
403 1144
999 1501
1625 1625
585 1874
251 1533
251 1706
1586 1751
1278 1144
1380 1144
817 999
817 1792
1844 1144
1844 1440
1380 1144
1258 1874
1258 1768
1374 1706
45 1144
1258 1899
1291 1291
1737 115
1874 1874
1874 724
1440 1144
1874 585
1580 1144
1580 999
1578 92
1578 1144
1578 1380
1258 1144
852 1899
1874 1587
1874 1501
1874 852
1874 999
1894 1258
1894 1899
1587 1269
1587 536
852 1258
852 1998
1392 1392
1440 411
999 1874
999 1963
999 1998
999 1258
498 1706
1258 1323
1258 1586
1258 1874
1625 1625
211 211
465 1874
1874 1522
1874 1899
1874 1998
585 1874
1440 1874
1440 1258
1440 999
1998 1144
1998 1844
1998 536
1998 999
390 795
390 1501
1258 1751
1258 999
1258 1874
1258 1963
1258 1586
1258 411
1258 1807
1258 817
1586 1258
34 1144
34 1198
45 1144
1839 511
1809 1706
1737 115
1874 1874
1874 654
656 1144
1628 1
1021 1021
585 1874
1380 1144
1198 1578
1278 1144
833 1874
498 1706
1625 1625
1586 1874
1440 1258
1874 1269
1874 536
1874 999
1258 833
740 1706
1440 1565
34 1992
1501 1144
999 1501
465 1874
999 1874
999 1586
999 1258
999 1839
1278 1144
1522 104
1522 585
1522 1258
1522 1998
511 1874
1258 1144
1844 1144
1844 999
1870 1
1258 1899
1440 1144
1278 1144
1998 1874
1998 1440
1974 1144
1053 227
1374 1706
999 1011
999 817
999 1792
511 1874
266 266
1874 1501
1874 852
1874 999
1963 1586
1258 1586
1258 203
1291 1144
1291 1380
1974 1440
1974 411
1580 1144
1580 1440
511 1874
511 1974
1874 1278
511 1874
1874 1440
1874 1258
1874 999
1768 1258
817 1751
817 999
817 1874
817 1963
817 1586
817 1258
817 411
817 1807
251 1874
251 1440
1874 521
1874 829
1369 1522
1369 1144
1369 999
339 1144
1586 999
1586 1874
1586 1258
1586 1751
679 1706
1894 1992
1894 1144
1987 1874
1751 1874
1963 1874
1963 1258
1963 999
1586 1839
1440 1874
1440 1258
1440 999
34 1144
252 1
1974 1998
1974 1874
1974 1258
1974 1963
1974 999
541 1874
511 1839
1522 1144
217 585
217 1899
1974 429
585 1144
1258 1874
1258 1586
1258 1751
1258 999
1625 1625
1930 1874
411 1874
411 1586
411 1258
411 999
585 1144
723 1144
1278 1144
1258 350
1999 1
939 1144
511 12
511 1874
1706 521
511 1120
511 465
511 14
511 1576
511 1369
511 641
511 410
511 794
511 1874
511 272
511 165
511 1323
511 585
511 852
511 47
511 203
511 120
511 999
511 453
511 1019
511 1987
511 1894
511 1586
511 1258
511 1792
511 1587
511 1430
511 1670
511 980
511 306
511 690
511 1743
511 329
511 1963
511 419
511 558
511 412
511 1501
511 817
511 266
511 1434
511 217
511 1467
511 25
511 457
511 1522
511 890
511 1241
511 24
511 1976
511 1440
511 1179
511 1839
737 1144
737 628
737 553
217 1874
217 1899
1501 999
1809 1706
1995 1144
1751 1586
1578 1144
1578 1380
1844 1144
1844 1198
1380 1144
1912 1505
1912 1874
1239 1144
34 1144
34 1198
1998 1198
1874 521
737 1927
737 1974
737 14
737 136
737 1532
737 1791
737 1331
737 873
737 1874
737 599
737 272
737 1409
737 1064
737 585
737 1845
737 45
737 1295
737 168
737 411
737 852
737 1580
737 344
737 74
737 717
737 1467
737 403
737 737
737 1278
737 108
737 1894
737 1942
737 196
737 1597
737 723
737 1608
737 521
737 1995
737 1239
737 1578
737 1269
737 1084
737 1998
737 961
737 1963
737 1380
737 1587
737 1194
737 1501
737 650
737 939
737 92
737 280
737 1129
737 955
737 1782
737 964
737 217
737 1258
737 25
737 457
737 605
737 1522
737 999
737 1291
737 1453
737 511
737 841
737 827
737 903
737 1854
737 1432
737 1440
737 218
737 1936
737 339
747 1874
1440 999
1504 1
1198 1144
403 1144
1258 1874
817 1963
817 1874
817 1258
817 411
817 999
999 217
999 1144
1258 833
1706 1369
999 1586
217 1258
217 1899
852 1258
833 1258
341 1706
1258 1874
1258 1998
1258 1963
1258 999
1874 1874
511 1998
1874 511
1874 1440
1874 1258
1751 1586
1751 151
1751 1874
1751 1258
1751 999
511 217
511 1258
511 1899
511 511
45 1144
999 1751
999 1874
999 1963
999 1586
999 1258
999 411
999 1807
999 817
1874 1899
1258 1874
1258 511
1258 1998
1258 1963
1258 999
838 1874
1258 1144
1874 1258
1874 1998
1874 999
1278 999
1998 1144
1998 1380
217 1899
217 1963
656 656
1323 1874
1323 1586
1987 1874
1587 1269
1587 1874
1587 536
1587 999
1874 1751
1874 1278
1874 1258
1874 1963
1874 999
1522 1899
1522 411
1974 1144
1278 1144
1258 1751
1258 203
1258 1874
1258 1586
1258 350
1258 1768
92 1144
92 1894
92 1998
92 1580
999 1874
999 1586
999 1258
585 1144
34 1144
833 1874
1874 1144
1586 1874
1586 1258
1586 1963
339 1144
339 1974
1874 1874
1874 1586
999 585
999 1874
465 1874
1198 1992
511 1874
1974 511
1974 1874
1874 999
585 1144
585 585
585 1258
585 999
1628 1
852 999
852 1874
852 109
852 683
852 1258
852 1998
852 1587
1440 1144
1278 1144
1453 1144
1453 999
1011 999
1011 817
1011 1792
411 1874
411 1258
411 1963
411 999
1278 1751
1278 999
1278 1874
1278 1963
1278 1258
1278 1998
1021 1021
603 203
411 633
737 1144
1258 1874
1258 1440
1258 999
1440 1144
1751 1874
1874 975
411 1899
1874 1899
1874 1586
1874 1963
217 1144
45 1144
217 1144
1198 1144
1666 1706
999 2011
999 1874
999 1998
999 1963
92 1144
92 403
1874 1751
1874 999
1874 1963
1874 1586
1874 1258
1874 411
1874 1807
1874 817
999 1874
999 1258
1323 1874
1323 1258
341 1706
1870 1
511 182
511 756
852 1587
852 1874
1369 1120
1369 465
1369 14
1369 1576
1369 203
1369 641
1369 410
1369 794
1369 1874
1369 272
1369 165
1369 1323
1369 585
1369 852
1369 47
1369 120
1369 999
1369 453
1369 1019
1369 1987
1369 1894
1369 1586
1369 1258
1369 1792
1369 1587
1369 1430
1369 1670
1369 980
1369 306
1369 690
1369 1743
1369 329
1369 1963
1369 419
1369 558
1369 412
1369 1501
1369 817
1369 266
1369 1434
1369 217
1369 1467
1369 25
1369 457
1369 1522
1369 890
1369 1241
1369 24
1369 1976
1369 511
1369 1440
1369 1179
1369 1839
1874 1440
1278 1586
1278 999
1580 1144
1580 656
1278 1144
1874 1768
585 1874
585 999
1369 21
1586 1874
723 1144
1278 1751
1278 999
1278 1874
1278 1963
1278 1258
1278 1998
1998 1144
1998 1894
999 1144
999 585
999 1258
411 1874
411 1258
411 1963
411 999
1258 1874
1258 1998
1258 1899
1874 511
1874 1963
1874 1369
999 1874
999 1073
999 511
999 1258
999 47
1258 1899
1844 1144
1844 1998
1974 1874
1963 1874
1963 1258
1963 999
1380 1144
999 1586
999 1258
999 411
999 1080
1287 1839
1231 829
1231 511
1198 1144
272 1144
1440 1874
1380 1144
521 1874
1522 511
1522 1899
999 1751
999 1278
999 1874
999 1963
999 1586
999 1258
1874 1874
1751 1930
1998 1144
1874 1874
1874 521
829 511
1974 1874
1258 1874
1258 1586
1258 1839
1258 999
999 1144
151 1874
151 1751
151 795
1256 1874
1440 1144
1874 1586
1440 1874
457 1998
411 1874
411 1258
411 1963
411 999
1291 1144
1291 1239
1974 1998
1974 1874
1974 1258
1974 1963
1974 999
1992 1144
1992 723
1258 350
1998 457
1998 412
1258 1874
1258 1586
1258 1751
1258 999
1974 1258
1974 1899
1989 1989
1874 585
1874 999
1998 1974
1998 1899
1998 1258
1501 1874
1501 1258
1625 1625
511 1440
1999 1
737 217
737 1144
737 1998
1256 1874
1974 1874
1278 1751
1278 1874
1278 1258
1278 1963
1278 999
1258 1586
1369 1144
585 1522
585 1899
999 1269
999 536
1149 1874
164 1706
1874 933
1874 1874
1258 1440
1380 1144
596 596
907 1706
1874 1974
1440 1874
1440 1258
1440 999
350 1258
34 1144
34 1198
1974 1144
999 1278
1177 1874
1963 1899
1894 1144
1998 1874
1998 1258
1998 1963
1998 999
1565 1440
1874 1258
1874 1998
1874 999
1974 1874
1874 1768
737 1144
1578 1144
1578 1380
511 1874
511 1974
13 1792
339 1144
1456 1706
1278 1144
1874 1874
1440 511
1440 1874
1440 1258
1844 1144
1844 1501
511 1440
511 1258
511 999
1974 1144
1974 1998
1974 1380
1998 1903
1998 457
1998 104
1998 1663
1258 1899
1874 1974
1874 1874
1874 1200
1198 1144
1380 1144
1874 284
1844 536
1844 999
1874 1963
1874 1258
1874 411
1874 999
1974 1258
1737 115
266 266
1998 1899
1998 1899
1874 21
1874 1258
740 1706
999 1874
999 1751
999 1258
1239 1144
511 1874
1874 1440
1874 1565
1839 285
1580 1144
1580 1440
1751 1930
1501 999
999 817
999 1011
999 1792
1258 999
350 1874
350 1258
999 1874
999 1258
999 1998
1792 817
1792 999
1580 1522
1580 1144
852 1992
34 1144
1874 1586
1874 1323
1522 1144
585 1874
1792 1874
1792 999
1874 1874
1874 1229
852 1874
585 511
585 1874
585 1963
585 1369
1998 1144
1874 747
1987 1874
1440 1144
1874 1998
1874 511
1874 1258
1874 1963
1874 999
1974 1144
1258 1874
1874 1586
585 1974
585 1369
1369 1899
585 1144
585 1380
1998 1874
1998 1258
1998 1963
1998 999
1998 457
1998 1522
1998 412
1751 1258
403 1144
1874 511
1974 1874
1198 1144
1440 1258
1380 1144
1380 1144
1198 1144
1278 1380
1874 933
1874 1874
999 1903
1453 1144
1369 1144
151 203
1782 1278
1782 1144
1605 1706
1874 1587
1874 1269
1874 536
1874 999
1586 1258
1586 1258
412 457
1278 1144
1258 1874
1258 852
1258 1998
1258 999
1992 45
1992 1144
1580 1144
1580 1380
1580 1144
1580 403
511 217
511 999
1369 1522
1369 1899
1369 411
1278 1586
1258 350
852 1258
1874 1670
1586 203
1974 21
1839 1120
1839 1576
1839 203
1839 1510
1839 1874
1839 1830
1839 465
1839 1878
1839 999
1839 453
1839 1987
1839 1586
1839 1258
1839 539
1839 1669
1839 1792
1839 1963
1839 419
1839 412
1839 1052
1839 1768
1839 479
1874 1062
1874 1874
1998 1874
1998 1258
1998 1963
1998 999
1874 465
1522 1258
1522 1899
1522 1998
656 1144
1874 1742
1874 999
1874 1974
1874 1258
1728 1706
907 1706
1963 1874
1963 1258
1963 1998
1963 999
1440 1144
1258 1768
1258 412
1258 1874
1258 362
1874 1299
585 1874
585 1258
1782 1144
1782 1501
34 1144
1380 1144
999 1874
999 1963
999 1998
999 1258
1998 1899
1998 999
1258 1874
411 1874
411 1258
411 1963
411 999
1291 1144
1291 1198
585 1144
1874 1974
1380 1144
1258 1586
1628 1
679 1706
203 1751
1440 1874
1269 1269
1269 536
1053 227
511 756
999 1874
999 1258
999 1998
999 217
1380 1144
92 1144
92 1380
511 1874
656 1144
92 1992
92 1144
92 723
1998 1144
1998 1974
1998 999
217 1899
217 999
411 1874
411 1258
411 1963
411 999
852 1440
1440 585
1628 1
723 1144
999 21
999 1874
1974 1144
1974 1998
1974 999
511 1874
266 266
585 1874
1625 1625
723 1144
723 1258
1440 511
1440 1874
1440 1258
1565 1440
1565 1874
203 151
585 1899
1874 1874
1874 1839
1369 1899
511 1874
511 1974
1198 1144
1258 1586
1258 1874
1874 1278
1874 411
1258 1586
599 599
1586 1258
148 1706
999 1963
999 1874
999 1258
999 1998
12 511
12 1874
1504 1504
1258 1974
511 1894
511 1258
511 1899
1586 1874
1198 1992
1198 723
723 1144
1628 1
350 1258
465 1874
1440 1874
1501 1239
1998 1899
1440 1144
1992 1144
1992 723
149 861
1440 1144
1380 1144
1625 1625
1751 1756
1751 1663
1751 1586
1751 203
1874 521
1992 1144
1992 1440
1998 1144
1522 1144
1998 1144
999 47
999 457
999 1874
999 1501
999 1258
999 1587
999 1110
1258 1874
1258 1998
1258 1963
1258 999
852 1874
723 1198
1369 1522
1369 1899
1874 1278
1874 411
1258 1440
1957 1874
1625 1625
999 1144
999 1144
92 1992
92 1144
92 1440
1874 203
1449 1874
1449 852
1894 1144
1440 1144
585 1144
656 656
1258 1874
1258 1586
1258 1751
1258 999
1269 536
1839 1876
411 1874
411 1258
411 1963
411 999
1998 21
1998 1874
1874 1440
1874 1258
1874 999
999 1440
999 1258
1380 1144
1782 1144
1782 656
1278 1144
1258 1874
1258 999
936 1706
1198 1144
1198 1380
1440 511
1440 1874
999 1874
999 1258
511 1894
511 1899
511 1998
1839 1287
1874 1874
1874 1320
1874 747
1380 1144
1874 1874
1874 1200
1894 1144
999 1874
999 1258
1299 1874
1870 1
1578 1239
1278 1309
1998 1874
1998 1258
1998 1963
1998 999
1586 1258
999 1278
999 1874
1957 1874
1974 1440
1974 999
1874 1505
1874 345
1580 1144
1580 1894
1580 1998
999 1874
999 1258
1258 1522
999 1963
999 1874
999 1258
999 411
1737 115
1974 1369
999 1522
999 1144
1578 1144
1578 403
1874 960
1278 1144
284 1874
344 1144
999 536
999 1844
1792 585
1792 999
1380 1144
1998 1874
1998 1258
1998 1963
1998 999
266 266
1586 585
599 599
1626 1626
999 1278
34 737
34 1144
740 1706
656 656
1369 1522
1369 1874
1369 1899
1369 1998
585 1899
585 1998
585 999
1866 1706
656 1144
1874 1987
999 1501
999 1874
999 852
1258 1586
1844 1522
1844 1144
266 266
1974 1899
1974 1258
1974 1998
1625 1625
1369 1874
1258 1522
1809 1706
1501 999
1440 1874
1440 1258
1440 999
92 1992
92 1144
92 1440
1258 1586
723 1198
489 1874
585 1874
907 1706
1874 284
411 21
1992 1144
1992 1440
1874 557
229 227
1874 1256
1992 1144
1992 1380
411 1144
495 1706
1874 1751
346 1706
1874 1974
1258 1768
1998 1522
1998 1258
1278 21
1839 1510
1839 1120
1839 558
1839 165
1839 1767
1839 155
1839 1987
1839 2006
1839 1751
1839 120
1839 999
1839 1486
1839 465
1839 1081
1839 1586
1839 1792
1839 1663
1839 556
1839 1669
1839 109
1839 1629
1839 419
1839 177
1839 1619
1839 1816
1839 690
1839 574
1839 1430
1839 1878
1839 1241
1839 1845
1839 1976
1839 827
1839 1576
1839 278
1839 479
1874 1258
1874 999
346 1706
457 1144
1522 1269
1522 536
585 1586
585 1258
1874 350
1974 1144
411 1899
999 1453
1890 1706
1625 1625
457 1522
457 412
1932 1874
1440 511
1258 1874
1258 1586
1258 1751
1258 203
1258 999
164 1706
1586 1874
1586 1258
1586 1963
1586 999
1625 1625
1504 1504
1992 1144
1992 1440
1522 1899
1522 411
1992 1144
1992 723
1911 1706
1440 1144
1894 1144
511 1874
511 829
511 1874
999 1874
999 1258
999 1998
1149 1874
1644 1874
1644 1258
585 1874
1258 1899
1522 585
1522 1899
1522 1998
1522 999
1998 511
1998 1874
1998 1258
1998 1369
1998 999
1440 885
1440 1874
1440 1258
1440 999
829 149
585 1899
217 1144
852 1258
266 266
999 536
999 1844
411 1899
1874 541
511 668
511 177
511 1874
511 1258
511 1998
1323 1586
1323 1874
1323 1258
92 1144
92 1198
341 1706
511 1874
1814 1706
1874 347
585 1144
585 1258
1258 21
1258 350
1974 1874
411 511
1974 1874
1974 1258
1974 999
1874 21
1278 1144
1258 852
1998 1144
1998 34
1998 852
1911 1706
203 1874
521 1874
1974 1874
1974 1258
1974 1998
1974 999
1911 186
1911 1706
1278 1963
1278 1874
1278 1258
1278 1998
1278 999
1626 1626
852 1501
852 999
1998 1144
411 1874
411 1258
411 999
1770 1874
1874 1587
1874 457
1874 1399
1874 683
1874 852
403 1144
723 1144
723 1144
511 21
1882 1874
1380 1144
1839 1287
412 999
1580 1144
1580 1198
1258 1874
1258 1998
1258 999
1932 1874
829 1874
1874 1751
1874 203
1505 1874
1369 1144
252 1
1440 1258
312 1874
312 1258
1198 1144
838 1874
829 1874
511 1144
1578 1380
1278 1751
1278 1874
1278 1258
1278 1963
1278 999
1278 1269
1278 536
1369 21
1440 1874
1440 1258
1440 999
1874 1440
1874 1258
1874 999
1287 1839
585 1144
585 1258
1874 1258
1874 1369
1586 999
1586 1874
1586 1751
1586 1258
1751 1258
1751 1874
341 1706
1440 1144
1587 1874
747 1874
1369 1144
1198 1144
511 1440
34 1874
34 852
34 1998
1874 1167
1578 1144
1578 1198
1894 1144
1807 411
511 1899
511 1963
1782 999
999 1963
999 1874
999 1258
999 1998
1974 1899
861 149
861 829
838 1874
585 1144
403 1144
737 1144
737 628
737 553
252 1
1874 1987
999 585
1792 13
1988 1874
1522 1258
1874 633
1874 1149
511 1874
1380 1144
1874 284
203 1751
1586 1751
1501 1144
1198 723
852 1144
852 34
411 1440
1522 1899
1522 1369
217 1144
1998 1874
1998 1258
1998 999
411 1522
411 1899
411 817
999 1874
999 1586
999 1258
999 1839
1625 1625
1974 1874
1874 1309
1874 1278
1258 1874
1258 1998
1258 999
1628 1
1874 1770
1874 511
1874 1963
1874 1369
182 511
182 756
1578 1144
1578 1198
1578 1380
1299 1874
1670 1874
1380 1144
999 1899
999 411
411 1144
585 1874
1874 747
1882 1874
1369 1369
1323 1874
1323 1258
1894 1144
1291 92
1291 1144
1291 403
1278 1380
1839 1510
1839 1576
1839 1369
1839 1874
1839 1241
1839 904
1839 465
1839 1878
1839 479
1839 1751
1839 1510
1839 999
1839 12
1839 2001
1839 1987
1839 1081
1839 1586
1839 1258
1839 1792
1839 827
1839 64
1839 1670
1839 1718
1839 1669
1839 119
1839 980
1839 1323
1839 1963
1839 1629
1839 419
1839 155
1839 690
1839 266
1839 1430
1839 1963
1839 457
1839 574
1839 1845
1839 1191
1839 511
1839 1100
1440 1874
1586 1258
1258 312
1258 1874
1751 1874
1770 1874
1770 1258
1770 1963
1770 999
1580 1144
1580 585
585 1144
1911 1706
1751 1874
1751 1258
1751 999
999 1874
1998 1522
1998 1899
1974 1874
341 1706
1874 585
1874 1874
1874 1299
344 1144
1894 1144
1894 1998
34 1144
13 1792
1369 1144
1514 1706
1874 585
1874 1258
1874 251
1874 585
1453 999
999 1258
999 1899
1874 833
1874 1258
999 1278
999 1874
999 1258
999 1963
999 1751
92 1144
92 1198
1874 1874
1874 1320
403 1144
346 1706
1874 881
1874 1874
34 1144
412 457
1625 1625
1874 1258
1874 999
999 1278
999 1874
999 1258
999 1963
999 1751
34 1144
1874 1974
585 1144
465 1874
511 1998
511 1874
511 1258
511 1963
511 999
1198 1144
1258 1144
999 1874
999 1258
999 1998
1625 1625
1580 1144
1580 1501
1874 1587
1874 852
1874 747
1874 511
511 1874
1874 149
1380 1144
1874 1258
999 1144
999 1974
999 1998
1440 1874
1440 1258
1440 999
465 1874
1258 1278
1974 1899
1974 1369
585 1874
1565 1874
1992 1144
1992 723
1258 852
1380 1144
999 817
1844 1587
1844 1501
1844 1874
1844 852
1844 999
1874 521
1198 1144
1586 1874
1501 1144
1586 1874
1586 1258
1586 999
723 1144
1440 511
1198 1144
1932 1874
1628 1
1580 1144
1580 1198
1844 536
457 1522
457 412
1625 1625
737 1144
737 628
737 553
585 1144
1963 1874
1963 1258
1963 999
217 1269
217 536
852 1874
852 1258
852 1998
852 999
511 1874
1874 1440
1374 1706
1369 21
1625 1625
1291 1144
1291 1198
1628 1
1706 47
1706 511
1706 1258
1706 999
1440 1998
1992 1144
1992 1440
1501 390
1258 1768
1258 1874
1258 852
1987 1874
1844 1144
1844 1998
1974 1874
1768 1874
1768 1987
1198 1144
1992 1144
1992 723
1239 1144
1874 511
1874 1963
1874 1369
999 1144
1440 1565
1453 1144
1453 999
1998 1144
1874 1874
1874 692
1369 1522
1369 1974
1369 1899
1874 1149
942 1706
1258 1998
1258 1874
1258 1974
1258 1963
1258 999
411 1522
411 1899
1258 999
1628 1
1998 1278
1998 1258
1839 1874
1839 511
1625 1625
1369 217
1369 1899
1369 999
1258 1586
1505 1912
999 1144
1440 21
1278 1144
1198 1144
605 1144
1380 1144
341 1706
999 1874
999 1258
999 1998
1522 1144
1522 1369
1522 999
1258 1874
1258 1586
1258 1839
1258 999
1258 1874
1258 1998
1258 852
605 1144
1870 1
99 1706
511 1874
511 1258
511 999
511 1874
411 1751
411 999
411 1874
411 1963
411 1586
411 1258
411 1807
411 817
585 1144
1963 1874
1963 1258
1963 1998
1963 999
1894 852
1440 1874
1874 21
1911 1706
1522 1899
1522 1998
1278 1144
1874 1323
1874 1839
1874 1586
1874 1258
1874 1751
362 1465
1625 1625
1874 999
1874 1751
1874 1258
1440 885
287 1706
1930 1751
1768 1501
1992 1198
1992 723
511 47
511 1874
511 1258
511 999
1792 999
1974 536
1974 1899
1291 1144
1291 1198
1874 465
999 1874
999 1963
999 1998
999 1258
1380 1144
541 1874
1839 690
975 1805
411 1751
411 999
411 1874
411 1963
411 1586
411 1258
817 1751
817 999
817 1874
817 1963
817 1586
817 1258
817 411
817 1807
1258 1899
1291 1144
1291 1198
1963 1899
1291 1291
1586 1874
1586 1258
1586 999
1380 1144
1874 1440
1874 852
1522 1144
1998 1258
1998 852
1992 1144
1992 1380
817 1751
817 999
817 1874
817 1963
817 1586
817 1258
817 411
817 1807
1011 1792
1011 817
1011 999
1522 1144
1258 1644
1380 1144
852 1874
852 1467
511 1522
511 1899
1874 1874
1874 1015
585 1874
1369 1522
1369 1258
1369 1899
511 1231
511 829
585 1144
1440 1874
1440 1258
1440 999
1992 1144
1258 350
1258 1874
511 1874
1440 1874
1440 1258
1440 999
1258 1586
511 1874
341 1706
585 999
1874 21
1025 1440
1025 1874
1025 1670
999 1998
1522 1144
999 1899
999 1998
585 1144
1440 1874
1440 1258
1440 999
1278 1144
1874 1987
1258 21
939 1144
1278 1751
1278 1874
1278 1258
1278 1963
1278 999
1369 1144
1782 1144
1782 656
511 1258
511 1874
511 1963
511 1998
511 999
92 1144
92 1198
1380 1144
999 1278
999 1269
999 536
1894 1144
1625 1625
999 21
34 1144
1874 585
1874 1258
585 1258
1874 1144
1874 1974
1874 511
585 1874
1440 1144
511 1899
833 1874
1874 833
1963 1874
1440 1874
1440 1258
1440 999
1580 1144
1580 1198
1580 1144
1580 1874
1269 536
1198 1144
1957 1874
999 1963
999 1874
999 1258
999 1998
833 1874
833 1258
1874 1258
1711 1711
1369 1874
1369 1258
1258 21
1522 1899
1522 1974
1522 1369
1839 1120
1839 1576
1839 203
1839 1510
1839 1874
1839 1830
1839 465
1839 1878
1839 999
1839 453
1839 1987
1839 1586
1839 1258
1839 539
1839 1669
1839 1792
1839 1963
1839 419
1839 412
1839 1052
1839 1768
1839 479
1874 1440
1258 1874
1440 1144
1751 1756
1751 1663
1751 1586
1751 203
190 227
1625 1625
1751 1874
1342 1706
1258 186
1258 1874
1522 457
1522 412
626 999
92 1144
92 1380
1380 1144
1998 1874
1998 1258
1998 1963
1998 999
605 1144
1998 1874
1998 852
1874 1258
1874 1963
1874 999
457 412
1874 1874
1874 639
1768 1874
1522 1899
1522 411
1522 817
1974 1998
1974 1874
1974 1258
1974 1963
1974 999
1874 379
999 585
999 1874
1998 21
1998 1440
1874 1144
1198 1144
1580 1144
1580 1198
1239 1144
1998 1144
960 1874
1198 1998
1586 1874
1380 1144
1586 1751
161 1706
1628 1
511 1144
411 1874
411 1258
411 1963
411 999
1894 1874
1894 1899
511 1874
1440 1974
1998 1258
1998 1899
1874 1586
1874 1751
1874 1586
1874 1751
723 1144
1198 1144
1198 1144
1874 1874
1874 1320
1874 585
1874 511
1874 1963
1874 1369
999 1144
1874 853
1874 1586
1874 1751
1874 203
1844 1144
1844 1198
1874 34
1874 852
1874 1998
1198 1144
1380 1144
999 1899
266 266
999 1874
999 1258
999 1998
1522 1899
1522 1998
148 511
148 795
148 1874
148 1253
498 1706
71 1874
1369 1894
1369 1874
1369 1899
1440 511
1440 1874
975 1874
622 622
999 626
1380 1144
1278 1144
1874 1930
1874 1751
341 1706
1737 115
521 1874
679 1706
1277 895
895 1798
1238 895
630 895
793 1889
793 1889
266 266
882 1306
882 1906
882 386
882 1377
882 1159
882 246
1079 1005
1079 1763
793 1889
793 1889
793 1889
793 1889
793 1889
895 1876
793 1889
1796 895
882 1306
882 1906
882 386
882 1377
882 1159
882 246
498 246
793 1889
453 56
793 1889
1669 56
2027 895
882 1906
882 386
882 1424
882 1306
882 1377
882 1159
882 246
793 1889
793 1889
266 266
1770 1770
266 266
793 1889
895 1238
155 56
1906 386
1906 1424
1906 1377
1906 246
1906 1159
1906 1306
793 1889
1994 895
793 1889
793 1889
882 1906
882 386
882 1424
882 1306
882 1377
882 1159
882 246
793 1889
793 1889
793 1889
1263 246
793 1889
793 1889
2027 895
266 266
793 1889
793 1889
793 1889
895 2027
1500 1952
882 1906
882 386
882 1424
882 1306
882 1377
882 1159
882 246
793 1889
793 1889
1798 895
793 1889
793 1889
793 1889
793 1889
882 1306
882 1906
882 386
882 1377
882 1159
882 246
478 1906
1277 895
895 2027
1544 895
793 1889
793 1889
1683 1834
1683 246
266 266
1669 56
793 1889
956 895
895 590
590 895
793 1889
793 1889
793 1889
498 246
230 895
266 266
1277 895
793 1889
266 266
793 1889
266 266
2027 155
2027 56
793 1889
793 1889
621 895
793 1889
793 1889
266 266
793 1889
453 56
1994 895
793 1889
793 1889
793 1889
266 266
911 246
793 1889
793 1889
266 266
895 1876
793 1889
895 2027
895 1277
793 1889
793 1889
793 1889
793 1889
793 1889
793 1889
793 1889
793 1889
1339 246
911 246
2027 895
793 1889
1906 386
1906 1424
1906 1377
1906 246
1906 1159
1906 1306
1669 56
793 1889
793 1889
895 1798
793 1889
793 1889
895 1277
1770 1770
869 155
869 993
993 112
993 155
1882 993
993 453
453 993
993 1669
155 869
155 993
993 112
993 869
993 155
155 993
993 869
993 1669
993 112
993 155
993 578
993 869
993 1956
993 1956
993 1669
993 713
993 869
869 155
869 993
993 869
155 993
993 869
144 278
453 56
341 547
1369 1369
737 737
266 266
1625 1625
1058 278
1164 278
266 266
1625 1625
1625 1625
278 245
727 727
511 511
1625 1625
341 547
1625 1625
883 547
1625 1625
278 1629
1058 245
278 1838
1625 1625
2024 547
689 547
278 1601
1625 1625
1625 1625
1625 1625
266 266
1625 1625
1121 547
1625 1625
1121 547
1838 547
1121 547
266 266
883 547
266 266
1164 278
266 266
2027 155
2027 56
278 144
1601 329
1625 1625
1625 1625
1625 1625
278 1851
1625 1625
511 511
245 278
266 266
1339 547
155 56
69 278
1625 1625
498 547
453 56
266 266
1058 278
245 278
498 547
1720 547
1164 278
642 547
1669 56
498 547
144 278
1625 1625
1625 1625
987 547
278 245
278 1058
713 1629
1625 1625
1625 1625
1164 278
245 278
245 278
266 266
761 1113
761 547
761 1838
761 480
761 808
1625 1625
987 547
1574 278
1839 1510
1839 1576
1839 1369
1839 1874
1839 1241
1839 904
1839 465
1839 1878
1839 479
1839 1751
1839 1510
1839 999
1839 12
1839 2001
1839 1987
1839 1081
1839 1586
1839 1258
1839 1792
1839 827
1839 64
1839 1670
1839 1718
1839 1669
1839 119
1839 980
1839 1323
1839 1963
1839 1629
1839 419
1839 155
1839 690
1839 266
1839 1430
1839 1963
1839 457
1839 574
1839 1845
1839 1191
1839 511
1839 1100
1669 56
737 737
737 737
278 1058
1625 1625
1669 56
1839 1510
1839 1120
1839 558
1839 165
1839 1767
1839 155
1839 1987
1839 2006
1839 1751
1839 120
1839 999
1839 1486
1839 465
1839 1081
1839 1586
1839 1792
1839 1663
1839 556
1839 1669
1839 109
1839 1629
1839 419
1839 177
1839 1619
1839 1816
1839 690
1839 574
1839 1430
1839 1878
1839 1241
1839 1845
1839 1976
1839 827
1839 1576
1839 278
1839 479
1629 278
1625 1625
266 266
1058 278
266 266
1625 1625
1669 1323
1881 1669
1839 1669
1222 1377
1669 1876
1669 1669
1669 368
1222 1377
1669 1839
1045 1669
1641 1377
1669 1881
1669 691
1369 1369
1881 1669
476 1669
476 855
803 1669
1222 1377
1595 1377
754 1377
453 1876
702 1669
1641 1377
511 511
1669 453
1669 869
1669 1586
1669 1576
869 1323
869 1839
1669 1906
1720 1377
730 1669
1669 898
1881 1669
1669 869
702 1669
702 1601
248 1669
1601 1669
1601 702
1669 702
453 56
1669 730
1839 1120
1839 1576
1839 203
1839 1510
1839 1874
1839 1830
1839 465
1839 1878
1839 999
1839 453
1839 1987
1839 1586
1839 1258
1839 539
1839 1669
1839 1792
1839 1963
1839 419
1839 412
1839 1052
1839 1768
1839 479
1669 1430
1669 2027
1595 1377
1669 1839
1669 1601
730 1669
1120 1669
1669 898
1586 1576
1669 713
1669 993
1669 730
1881 1669
1881 691
1669 702
1669 1586
1669 1839
1876 453
1669 730
1669 1881
713 1669
1669 713
1669 993
737 737
1669 702
453 1669
1669 691
993 1669
702 1669
1669 1120
1669 1277
630 453
898 1377
702 1669
929 575
1698 1377
841 1669
1669 2010
1669 2027
691 1669
1694 1669
1669 453
1839 1669
1839 1586
1277 1669
702 1669
1839 1287
1669 730
1839 869
1839 1323
1669 1906
730 1669
511 511
1669 453
1595 1377
1669 453
1669 453
1669 702
1876 453
453 1669
1277 1669
1669 453
1595 1377
453 1876
1669 1839
1669 1586
1669 1323
1669 1839
1694 1669
1839 1287
1669 1277
1669 730
453 630
1669 702
713 1669
1669 730
1287 1839
1641 1377
2027 1669
1669 1881
478 1906
1669 1839
1669 453
1839 1669
1669 730
713 1906
1839 1120
1839 1576
1839 203
1839 1510
1839 1874
1839 1830
1839 465
1839 1878
1839 999
1839 453
1839 1987
1839 1586
1839 1258
1839 539
1839 1669
1839 1792
1839 1963
1839 419
1839 412
1839 1052
1839 1768
1839 479
1669 1394
2027 155
2027 56
1669 855
1669 730
1669 702
1669 1120
1 1669
1 1235
1641 1377
1669 1813
1601 1669
1641 1377
1277 1669
1277 2027
1669 2006
1669 2027
1669 1277
1881 1669
869 1323
869 1839
1669 114
1839 1669
1641 1377
1669 841
1576 869
1576 1669
1576 1586
730 1669
1669 1586
1669 1839
730 1669
1813 1669
453 1669
1669 155
1669 646
1287 1669
1669 869
453 869
1669 1323
1277 1669
1277 1277
803 1669
1669 1586
1876 453
1669 730
1641 1377
1669 1770
1669 713
1120 1576
1120 1669
1120 385
1120 479
1120 1669
1669 1906
1839 1669
1839 1586
453 1669
1669 56
1698 1377
1323 1669
1323 1586
691 1669
1641 1377
2027 1669
2027 1277
1669 1881
869 1669
869 1839
1576 869
1576 1669
1576 1586
1669 248
1222 1377
1669 453
702 1669
730 1669
1287 453
1595 1377
1669 1277
1586 1669
1669 1287
1669 248
1669 702
702 1669
1641 1377
1839 869
1839 1669
1669 869
869 1586
869 1576
1618 1159
1641 1377
993 1669
730 1669
1669 1586
630 453
1277 1669
1287 1839
1669 1876
1595 1377
869 1669
869 1669
869 1839
1287 1669
1839 1669
453 56
1045 1669
1669 702
1669 730
1601 1669
1669 730
1669 1956
1669 453
1839 1120
1839 1576
1839 203
1839 1510
1839 1874
1839 1830
1839 465
1839 1878
1839 999
1839 453
1839 1987
1839 1586
1839 1258
1839 539
1839 1669
1839 1792
1839 1963
1839 419
1839 412
1839 1052
1839 1768
1839 479
453 1669
730 1669
1669 702
1669 1813
1595 1377
1669 1619
1669 1846
1277 1669
155 56
453 1287
1601 702
1669 730
702 1601
730 1669
1839 1669
1669 702
1669 702
1669 803
1669 1839
259 1377
1839 869
1839 1669
1669 1698
1669 869
1323 1839
1323 1940
453 869
453 1669
2027 1669
1641 1377
691 1669
1669 56
1669 453
1669 702
898 1377
730 1669
1669 1287
993 1669
993 713
1839 1287
1641 1377
1846 453
1669 713
1839 1876
737 737
1669 872
1876 1669
1669 730
1669 730
737 737
1669 1839
1839 1586
1839 1669
1839 1323
1846 1669
1287 1669
1839 1510
1839 1576
1839 1369
1839 1874
1839 1241
1839 904
1839 465
1839 1878
1839 479
1839 1751
1839 1510
1839 999
1839 12
1839 2001
1839 1987
1839 1081
1839 1586
1839 1258
1839 1792
1839 827
1839 64
1839 1670
1839 1718
1839 1669
1839 119
1839 980
1839 1323
1839 1963
1839 1629
1839 419
1839 155
1839 690
1839 266
1839 1430
1839 1963
1839 457
1839 574
1839 1845
1839 1191
1839 511
1839 1100
453 1287
1881 1669
1669 730
719 1377
1669 1586
1669 730
730 713
869 1669
869 453
1839 1120
1839 1576
1839 1510
1839 558
1839 1523
1839 904
1839 2006
1839 1241
1839 1987
1839 1878
1839 120
1839 999
1839 1278
1839 465
1839 1586
1839 1258
1839 1792
1839 556
1839 1670
1839 1669
1839 1323
1839 1963
1839 1080
1839 419
1839 155
1839 1011
1839 690
1839 1430
1839 1919
1839 457
1839 574
1839 333
1839 827
1839 479
1595 1377
1669 1839
869 1669
702 1601
1038 1377
453 1669
1906 393
1669 634
453 1669
1669 56
1669 634
1669 730
1393 1287
1669 1287
1287 453
2006 1287
1287 1876
1287 1876
1655 1952
1104 1952
453 56
1116 1952
1287 702
702 1287
1287 1876
1435 1287
498 1952
1876 453
1839 1287
1287 1669
59 1952
1287 1435
453 1876
155 56
702 1287
1287 2006
1287 453
498 1952
1876 1287
1876 1952
702 1287
1957 1952
1876 453
1287 1669
1287 1876
1328 713
1328 453
990 1287
702 1287
1669 1876
1287 1419
1287 1876
1287 453
1287 1876
1393 1287
1876 1287
1287 1435
1287 1876
498 1952
1839 1876
1839 1287
895 1287
1287 1419
1287 1876
1287 1669
1876 1287
1287 702
1876 1287
1876 453
1287 702
1287 1876
1669 56
1876 1287
1287 1120
1393 1287
453 1876
1287 1435
453 1287
1369 1369
1839 1287
1287 1669
1876 2006
1287 1393
630 691
630 1287
1287 1876
1287 1669
869 155
869 993
1287 1839
957 1952
1287 1435
1287 1435
1876 1287
1287 1876
1287 1839
1287 1393
1287 990
1876 1669
1287 453
702 1669
702 1287
1876 1287
1287 279
511 511
702 1287
1287 1876
1393 1287
453 1287
1876 1287
1287 1669
453 56
1328 713
1328 453
1669 1876
1287 1839
1287 1876
702 1669
702 1287
1120 1287
1287 1876
1435 1287
1393 1287
1287 453
1876 1287
1669 56
1876 1669
1116 1952
1393 1287
1287 453
1287 1393
279 1287
1876 1287
453 1287
2027 155
2027 56
453 1287
1876 1287
1876 1287
1287 1876
1287 1876
1287 453
1287 702
1120 1287
1839 1287
1669 56
990 1287
1393 1287
511 511
1287 1120
893 1952
1287 1393
1839 1287
601 1952
1287 1669
1339 1952
1669 702
1287 1120
1435 1287
1287 1393
2006 1876
1419 1876
1419 1287
1287 990
1419 1287
1419 1876
1435 1287
1287 453
1669 1287
1328 713
1328 453
1116 1952
