453 895
453 895
1246 1159
1625 1625
397 453
869 453
895 453
453 1277
1618 2027
1618 1159
1159 1381
453 691
1587 453
498 1159
453 691
1 453
1257 1159
1277 453
1159 702
1 453
1277 453
1674 257
1674 1179
1674 203
1674 410
1674 794
1674 329
1674 24
1674 1987
1674 419
1674 412
1674 1586
1674 306
1674 1792
1674 1587
1674 852
1674 465
1674 1768
1674 1874
1674 817
129 1159
97 453
97 1277
363 1159
882 449
882 1159
882 1377
453 1792
1287 453
1669 1277
1277 1784
869 453
805 1159
217 1151
217 841
453 179
5 1159
1618 1159
630 1881
1536 1768
1536 1987
1536 329
1536 203
1536 1550
2027 1955
943 1151
943 217
943 841
1277 453
1451 1159
691 453
1669 453
1277 453
1669 56
702 453
1655 1159
1277 97
1277 453
841 1151
1159 1267
223 1159
1839 1120
1839 511
1839 1576
1839 203
1839 1510
1839 1323
1839 1830
1839 465
1839 999
1839 1987
1839 1586
1839 1258
1839 539
1839 1669
1839 1792
1839 1080
1839 419
1839 1052
1839 1426
1839 1768
1839 1073
1839 479
1839 1674
1277 453
1267 453
713 205
713 195
713 453
329 1550
1385 453
453 1987
1550 1768
1550 1987
1550 329
1550 1748
737 737
1625 1625
1998 1151
1998 841
1308 1159
1881 630
1983 1159
1037 1981
1037 1594
1037 1159
1037 1377
841 1151
453 1587
839 453
453 1669
1381 453
453 895
702 453
453 1277
1267 453
841 1151
841 217
948 365
1159 702
453 713
453 1669
1246 1159
1860 1159
1813 453
1625 1625
453 702
1625 1625
263 1159
1159 869
332 1159
137 1159
1159 130
1267 453
1350 453
1350 1377
179 1159
1159 869
1328 713
1328 453
691 453
1725 453
453 1587
1618 1159
728 1058
728 410
728 453
728 329
728 1906
728 1587
728 1987
728 1768
1277 453
1792 453
1159 1987
1157 1159
1037 1444
1037 1694
1037 1159
1037 1377
1328 1587
1328 897
1328 1070
1328 358
1328 572
1328 245
1328 1158
1328 453
1328 410
453 97
453 1277
705 1159
869 453
1625 1625
869 453
1277 1669
223 1159
764 1159
1618 1159
1618 1159
1618 572
453 948
882 449
882 1159
882 1377
869 453
1618 702
1618 1159
869 453
1287 453
1792 453
1159 869
1267 453
1758 1159
1998 1151
1998 943
1998 217
1998 841
1159 1277
1800 1159
453 1267
702 453
453 1813
691 453
1 453
1369 1369
841 1151
841 217
841 1998
1246 1159
1998 1151
1998 217
1998 841
1987 453
498 1159
1037 1981
1037 1594
1037 1159
1037 1377
882 449
882 1159
882 1377
1536 1768
1536 1987
1536 329
1536 1550
1037 1981
1037 1594
1037 1159
1037 1377
943 1151
943 841
943 1998
2027 453
137 1159
228 1159
1037 1444
1037 1694
1037 1159
1037 1377
369 1277
369 453
1267 453
453 1277
223 1159
1037 1876
1037 1952
1037 1159
1037 1377
87 1159
217 1151
217 841
453 1267
359 453
1220 1220
1550 329
1550 1768
1550 1536
1550 1987
498 1159
882 449
882 1159
882 1377
137 1159
1157 1159
841 1151
1998 1151
1998 217
1998 841
363 1159
453 691
359 869
359 453
1669 453
444 1159
1037 80
1037 1195
1037 1981
1037 1377
1037 1159
1037 1444
895 453
1037 1876
1037 1952
1037 1159
1037 1377
882 1594
882 1906
882 1306
882 1159
882 1377
223 1159
1894 1151
1894 841
1894 1998
453 1267
453 1669
1277 453
453 1267
1277 97
1277 453
453 359
453 895
1159 397
1580 1580
437 1874
1510 1743
1510 1874
1510 306
1510 817
1510 383
1874 55
585 1874
1278 1144
1874 211
1974 429
24 429
1689 1874
1198 1844
1874 312
1874 1684
350 1874
1839 1751
1839 1576
1839 203
1839 1323
1839 574
1839 1833
1839 151
1839 1874
1839 1586
1782 1144
1782 1198
1258 1369
1278 511
1278 411
1278 1998
1278 1144
1109 1874
904 1144
1844 1278
1844 1144
1953 1953
1874 1586
1874 1963
1874 853
1874 203
1874 603
1874 832
1874 1963
1874 1833
1874 350
1198 585
465 1670
1874 350
1510 1874
585 1874
585 1258
1628 1
1580 1501
1580 1258
1728 1706
1874 906
1874 1874
1844 1453
1844 1144
585 1144
1626 1626
1258 1874
1874 718
1874 574
1874 1751
1874 1833
1874 1586
1874 203
1874 151
1874 450
1874 1839
658 658
350 1874
1453 1144
1453 1844
1912 1874
1839 1874
1874 1839
1894 1144
1453 1144
350 1874
1586 1874
1586 1963
1 350
1 1833
211 1874
585 1874
511 999
511 852
511 165
312 1684
312 1874
1974 1963
1440 1586
511 21
1974 1144
1974 1194
1839 1874
1874 1689
1874 1680
403 1144
403 1858
903 1144
1874 1258
1874 1369
1998 511
1998 411
903 1144
903 403
903 1998
1844 1144
1844 1198
1198 1144
1198 1998
1839 1874
217 1874
217 1899
217 1998
1440 1258
852 1258
852 165
1844 1144
1844 1198
1453 1144
1453 1844
1874 1353
1894 1144
903 1144
903 1198
903 1144
903 605
1369 1369
903 1144
903 34
1974 411
585 1144
585 585
1440 1580
1874 585
1258 1899
1844 1144
1844 1198
852 34
1974 1963
1874 1899
1874 1998
1874 1144
585 1144
585 585
1586 1833
1440 1144
1989 1989
903 1144
903 852
585 1144
585 585
1874 1839
903 34
903 852
1198 1144
1874 829
1874 585
1874 668
1874 579
1874 1258
1874 119
1874 1214
1874 1768
1874 412
1844 1844
1839 1874
1839 1963
1839 999
1198 1144
1278 1144
1894 1144
1674 257
1674 1179
1674 203
1674 410
1674 794
1674 329
1674 24
1674 1987
1674 419
1674 412
1674 1586
1674 306
1674 1792
1674 1587
1674 852
1674 465
1674 1768
1674 1874
1674 817
1839 1874
1380 1144
1782 1144
1782 1858
1782 403
1874 1839
1198 1144
585 1144
1874 1874
1874 1336
585 1874
1258 833
1874 1839
1258 1874
1562 1874
1963 1899
1278 1144
903 1144
903 1894
1706 1963
1258 1874
1874 585
1874 1768
1839 511
1626 1626
1706 833
585 412
585 1874
585 1258
585 829
1932 1874
34 1144
1453 1144
1930 3
1930 412
1930 1874
852 1522
852 1899
852 1963
1625 1625
350 1706
137 1706
1844 1144
1844 585
1198 1144
1833 1874
1874 1353
1198 1144
1874 1874
1874 1336
1706 361
403 1144
403 1998
1894 1144
511 1839
1258 1899
1440 1258
412 829
412 999
412 362
412 1874
412 1767
412 1258
412 1792
412 1768
1369 47
1369 1974
1369 1874
1369 668
1369 585
1369 1963
1369 411
1369 1549
1369 1440
863 524
863 1874
863 1933
1369 1278
1369 511
1369 411
1369 1998
1522 1974
1522 1963
1 617
1 1874
1369 1874
1369 1258
1670 1874
1874 1258
1874 1963
1874 1974
585 829
585 119
585 1874
585 668
585 412
585 1258
585 579
585 1214
585 1768
1874 350
1874 1586
1874 1839
1874 203
1522 1258
1522 1899
1998 1874
1998 1258
1998 1963
585 1522
1963 1839
1963 203
647 1706
903 1144
903 34
585 1874
1198 1144
1874 829
585 1144
585 585
1628 1
740 1706
852 1144
585 1874
211 1874
585 1144
1258 1440
1670 465
1670 1987
1839 1874
833 1874
939 1144
939 1198
723 1144
1706 1353
55 1874
1453 1144
1894 1258
1894 1899
1198 1144
1453 1144
412 585
412 1874
412 1258
412 829
1582 1953
829 1874
1963 1899
1258 1874
1258 1974
1894 1144
1198 1144
1874 1586
1874 1576
1874 1963
1874 1839
34 1144
585 1144
585 585
1894 1144
1369 1874
1874 585
1874 412
1501 1258
1987 1670
1987 465
1839 1874
34 1144
1839 203
1628 1
1687 1874
1194 1144
1963 1522
1963 1899
1809 1706
412 1874
1453 1144
1453 627
622 622
1576 1586
1576 1874
1576 1839
1576 1963
350 203
350 436
350 1706
350 1576
350 1963
350 1061
1586 1874
1522 1899
1522 1963
1628 1
1258 165
1586 203
1181 1706
585 1453
585 1144
585 1844
585 1874
1874 829
1998 1899
1258 350
1258 1768
1258 1874
1258 1586
1258 203
1258 1144
1514 1706
585 1874
1258 1874
1874 1440
1874 1258
1894 1144
1198 1144
34 1453
1497 1874
1497 1258
1586 1839
833 1258
1670 1440
1670 1874
585 412
585 1874
585 1258
585 829
1953 1953
1874 1592
1625 1625
1998 1144
403 1144
403 1858
1874 833
1974 21
1440 1670
1894 1144
272 1144
1953 1953
1586 203
1874 863
1782 1144
1782 1198
1625 1625
689 1706
1689 1706
1194 1144
1194 1144
1706 361
1258 1144
1874 1689
1874 1680
1258 1874
411 21
411 1974
1440 1874
1440 1258
863 1874
903 1144
903 1198
350 1874
1839 1874
1874 1258
1953 1953
658 1258
1839 1120
1839 511
1839 1576
1839 203
1839 1510
1839 1323
1839 1830
1839 465
1839 999
1839 1987
1839 1586
1839 1258
1839 539
1839 1669
1839 1792
1839 1080
1839 419
1839 1052
1839 1426
1839 1768
1839 1073
1839 479
1839 1674
1706 511
1706 1258
203 350
412 1874
511 1894
511 1258
511 1899
34 1144
1198 1974
1844 1453
1844 1144
1874 1258
1974 1453
498 1706
252 1
852 1854
852 1467
852 104
852 34
852 1663
852 1258
852 1998
1670 1440
1586 1963
1369 1120
1369 465
1369 14
1369 1576
1369 203
1369 641
1369 410
1369 794
1369 1874
1369 272
1369 165
1369 1323
1369 585
1369 852
1369 47
1369 120
1369 999
1369 453
1369 1019
1369 1987
1369 1894
1369 1586
1369 1258
1369 1792
1369 1587
1369 1430
1369 1670
1369 980
1369 306
1369 690
1369 1743
1369 329
1369 1963
1369 419
1369 558
1369 412
1369 1501
1369 817
1369 266
1369 1434
1369 217
1369 1467
1369 25
1369 457
1369 1522
1369 890
1369 1241
1369 24
1369 1976
1369 511
1369 1440
1369 1179
1369 1839
1198 1144
1839 1874
1440 1833
1440 1586
1440 1874
1440 1258
1874 350
350 1586
1809 1706
1586 203
1706 361
1894 1899
1894 511
1894 1258
1894 852
1906 1874
1380 1144
211 1874
1839 904
1874 1874
1874 1911
346 1706
428 1706
718 1
1974 1874
1974 1258
1258 1874
1953 1953
1689 1706
585 1874
1874 203
1874 1839
1874 1963
1844 1144
1874 217
1874 1586
585 1874
585 1839
1440 1144
1874 585
1440 1144
1844 1144
1844 585
1897 1930
1897 412
1897 1874
1897 829
1953 1953
1198 1144
1998 1854
1998 1467
1998 999
1998 1874
1998 34
1998 1258
1998 852
203 419
1258 1144
511 1510
211 211
1353 1874
1894 1144
1874 1258
1874 1974
1874 829
1874 585
1874 668
1874 579
1874 1258
1874 119
1874 1214
1874 1768
1874 412
34 903
1706 375
1706 1833
1706 1061
1706 203
1809 1706
585 1874
1874 1670
1874 1440
1198 1144
1369 1144
1670 1874
1670 1440
1670 1874
1423 1
1522 1899
1522 1963
1440 1258
1874 1258
1874 1369
1844 1144
1844 1198
34 1144
498 1706
1874 412
1874 585
1874 1258
1874 829
1586 350
1874 437
1874 345
350 1874
1440 1144
1874 1839
1198 1144
1198 1144
1198 939
1625 1625
511 217
511 1874
511 1899
511 1998
1874 350
1874 1833
1874 1768
1874 1258
1874 203
1953 1953
1874 1258
1874 1096
585 1874
852 1522
852 1899
852 1963
1874 21
1198 1144
585 1144
341 1706
411 1974
1839 1874
1839 963
1874 585
1198 1144
1953 1953
1194 1144
1198 1144
411 1144
585 1144
585 585
511 1874
1874 1906
34 1144
1258 1874
1592 1706
211 211
272 272
833 1874
403 1144
1874 904
1874 1839
165 511
165 852
165 999
1522 1899
1522 1963
1198 1144
1874 1906
1258 1874
1258 1586
1258 1440
1258 1833
1258 1874
1874 350
1874 1768
1874 1586
1874 1258
1874 203
252 1
1839 1751
1839 1576
1839 203
1839 1323
1839 574
1839 1833
1839 151
1839 1874
1839 1586
1874 203
1874 412
1874 1586
1874 362
1874 350
1874 1768
1839 1586
346 1706
465 1670
350 1874
1782 1144
1782 1198
1963 1839
1963 1576
1874 1258
1839 1751
1839 1576
1839 203
1839 1323
1839 574
1839 1833
1839 151
1839 1874
1839 1586
350 492
350 203
350 603
350 832
350 1706
350 853
585 1874
1374 1706
1844 1522
1844 585
1844 1144
1505 1874
838 1874
1874 579
1874 1976
1874 585
1874 1258
1874 412
1839 1874
1874 829
585 1874
411 1874
1874 1440
1874 1670
1198 1144
1198 1858
1440 1874
1258 833
511 411
511 1998
1953 1953
737 1144
737 1179
737 1652
1874 211
1625 1625
34 903
34 1144
34 605
1258 1874
1198 1144
1839 1963
1453 1144
1453 585
907 1706
1998 1144
1974 1874
1974 1258
1874 1144
1906 1874
1374 1706
1258 1144
1374 1706
34 1144
34 1198
1258 585
1258 1874
1258 658
1874 1839
203 350
1932 1874
1198 1144
1963 1522
1963 1899
1963 852
1839 1874
1874 1689
1874 1680
1586 1839
1369 1874
1369 1258
1706 203
939 1144
939 1198
1974 21
1844 1144
1844 1198
852 1522
852 1899
852 1963
585 1874
1580 1440
1874 1680
412 1874
203 350
1369 1894
1369 1258
1369 1899
1453 1144
1453 1844
346 1706
1839 1751
1839 1576
1839 203
1839 1323
1839 574
1839 1833
1839 151
1839 1874
1839 1586
939 1144
939 1198
585 1144
211 211
1874 585
1874 211
1768 1874
1963 1874
1963 1258
1963 1974
1963 1899
1874 412
585 1144
350 1586
1198 1144
34 903
34 1144
34 605
211 211
1194 1144
217 1899
217 1963
605 1144
341 1706
585 1144
1689 1706
1198 1144
1453 1144
1874 585
1874 1258
1440 1874
203 1874
350 1874
34 1144
511 1874
511 1258
1510 511
585 1874
1839 1788
1839 602
1839 1874
1874 585
585 211
585 1874
1874 1839
1974 1522
1874 350
1522 1899
1522 1963
1626 1626
1258 1144
55 1874
1582 1953
585 1144
1453 1144
1453 1844
1844 1453
1844 1144
1839 1751
1839 1576
1839 203
1839 1323
1839 574
1839 1833
1839 151
1839 1874
1839 1586
1096 1706
1096 1746
1353 1874
1278 1144
1998 1144
498 1706
1586 1440
1874 1839
1874 412
419 1839
1874 585
658 658
1258 1874
1258 1369
1894 1144
1894 1258
1894 1899
511 21
1874 1505
723 1144
1706 361
1198 34
1844 1144
1844 1194
852 1894
852 511
852 1258
852 1899
737 1144
737 628
737 553
585 1144
1987 1927
1987 1179
1987 794
1987 1874
1987 419
1987 153
1987 1792
1987 824
1987 817
1963 39
1963 1874
1963 1576
1963 203
1963 1839
511 1874
1586 217
1198 1899
1911 1706
1380 1144
1874 659
1874 1987
1974 1874
1974 1258
1258 1586
1258 1839
585 829
585 119
585 1874
585 668
585 412
585 1258
585 579
585 1214
585 1768
1874 350
1839 1874
34 1144
1874 211
1782 1144
1782 1858
1782 1198
723 1144
585 1144
511 1874
511 1258
1440 1586
1258 1874
1258 1963
1258 999
1198 1144
1839 1751
1839 1576
1839 203
1839 1323
1839 574
1839 1833
1839 151
1839 1874
1839 1586
585 1144
1522 1144
1522 585
585 1144
1839 1874
211 211
585 1874
1839 904
1839 1874
1453 1144
585 1144
585 585
1198 903
1198 34
1198 852
585 1144
1953 1953
723 34
723 1198
723 852
1689 1680
1689 1706
1782 1144
1782 1198
1586 1440
1440 1670
1874 203
1874 1833
1874 1586
1874 1258
1874 350
1874 1839
1440 1670
1874 1510
1874 511
1839 1963
1957 1874
1874 412
1874 1874
1680 1874
1839 1751
1839 1576
1839 203
1839 1323
1839 574
1839 1833
1839 151
1839 1874
1839 1586
585 1144
585 585
829 1874
252 1
599 599
1505 1874
1258 1874
1258 1369
585 412
585 1874
585 1258
585 829
585 1144
1874 211
1833 1440
1833 1874
1833 1258
1874 1689
1874 350
1874 1839
1576 1963
1839 395
1998 411
1287 895
895 763
793 1889
793 1889
793 1889
1287 453
793 1889
1287 895
895 1996
793 1889
793 1889
793 1889
421 895
825 1996
793 1889
825 298
793 1889
1287 895
1500 453
793 1889
793 1889
453 895
956 895
793 1889
498 246
793 1889
793 1889
793 1889
793 1889
763 1695
453 895
895 1287
793 1889
453 895
793 1889
895 956
1669 56
1996 825
793 1889
498 246
1287 895
793 1889
793 1889
793 1889
793 1889
793 1889
793 1889
956 895
793 1889
895 1287
793 1889
453 895
1625 1625
993 869
1797 1701
869 993
993 869
869 713
869 155
869 993
1625 1625
498 1701
993 869
1625 1625
993 155
993 869
993 869
869 713
1617 993
993 869
993 155
993 869
993 155
315 1701
993 1906
993 869
498 1701
993 869
993 869
869 993
1797 1701
1369 1369
869 993
993 869
993 697
869 155
869 993
869 993
993 869
993 869
531 1701
155 869
155 993
869 993
1617 993
993 869
993 869
993 155
155 869
869 993
1625 1625
1797 1701
869 993
993 869
869 993
869 155
993 58
993 869
993 869
993 472
1669 56
1797 1701
155 869
1906 993
993 869
869 993
58 993
1752 1701
993 869
697 993
869 993
869 993
522 1895
1884 1701
993 869
869 993
1882 993
993 869
869 993
993 531
1797 1701
737 737
993 869
1625 1625
869 155
869 993
993 869
498 1701
693 1701
1797 1701
341 1701
869 993
921 1701
315 1701
737 737
993 697
993 519
155 869
155 993
993 869
993 1617
1625 1625
737 737
1164 278
898 547
737 737
987 547
498 547
1300 547
1625 1625
98 278
689 547
1007 547
987 547
1 278
1669 56
498 547
1369 1369
1 278
278 560
560 547
869 1629
869 278
498 547
689 547
1629 869
1629 278
689 547
1625 1625
1625 1625
794 278
1625 1625
1669 1619
1641 1377
869 1669
1277 1669
1277 155
155 1669
841 1669
1906 1118
1669 220
155 1669
155 1277
730 1669
1669 466
1277 1669
1365 466
730 1669
1669 1619
1669 155
1669 155
1669 1277
1277 1669
1698 1377
1444 1669
1365 466
1619 1669
737 737
2027 1669
1906 1187
1906 466
1669 713
1126 1669
1669 702
1669 155
1669 220
155 1669
1839 1120
1839 511
1839 1576
1839 203
1839 1510
1839 1323
1839 1830
1839 465
1839 999
1839 1987
1839 1586
1839 1258
1839 539
1839 1669
1839 1792
1839 1080
1839 419
1839 1052
1839 1426
1839 1768
1839 1073
1839 479
1839 1674
155 869
155 1669
1619 1669
1619 713
713 205
713 195
713 453
466 1906
869 1669
1669 1619
1669 220
737 737
1350 1669
1350 453
1669 155
730 1669
869 1669
1669 220
1669 155
248 253
248 1187
248 1906
248 1389
248 466
2027 1669
730 1669
1669 1813
155 1287
1629 630
1669 1906
1669 730
1601 1669
1669 803
730 1669
1878 1878
1287 1669
1287 155
803 1669
1669 220
1669 466
1120 90
1120 1510
1120 1669
1120 1576
1120 479
1669 634
2027 1669
1669 869
1277 1669
730 1669
898 1444
220 1120
155 1669
1704 1669
1669 1698
1669 691
1669 730
1669 1277
1669 2027
1669 155
1669 2027
1669 730
713 1669
713 1619
1698 1669
155 1669
155 1669
1629 1586
1669 155
1839 1669
898 1444
1669 730
453 1669
1669 634
1669 155
1669 453
730 1669
2027 1669
26 1669
1669 869
1669 1277
1669 869
1669 1601
1906 466
1906 1365
466 1365
155 1669
155 2027
155 1277
1669 841
910 1669
1698 1377
869 1669
869 702
1669 728
1669 1118
1669 26
1669 220
248 1669
248 2027
248 1906
248 1187
248 466
248 76
1839 1629
1839 1586
155 1287
1813 1669
1669 155
1669 1277
869 1669
730 1232
1222 1377
1669 1120
1287 1669
1287 155
1369 1369
1669 220
155 1669
1704 1669
1669 377
869 1669
1669 1159
730 1669
155 898
1669 155
1669 56
1619 1669
1586 1629
155 1669
630 702
702 1669
869 1669
1906 1669
2010 1669
155 1669
1669 220
155 1669
1669 1277
155 869
155 1669
713 1669
728 1669
728 1287
1669 2010
466 1669
1669 730
1669 869
1277 1669
1669 869
1287 1669
1287 155
1619 1669
155 898
1641 1377
1277 1669
1669 2027
1444 1669
1287 1669
155 898
1669 155
634 1669
1669 730
630 1669
1669 377
1669 1619
1669 1187
1906 253
1906 1187
1906 466
1906 248
1906 1389
754 1377
803 1669
155 1669
1669 1287
1120 220
389 1377
1120 220
1619 1669
1619 713
155 1669
1222 1377
730 1669
869 1669
869 155
1669 730
453 1669
453 713
730 381
220 1795
1669 730
1287 1669
1287 728
1669 1813
1641 1377
1698 1377
2027 1669
702 1629
702 155
702 1669
702 630
1669 2027
702 869
702 1669
634 1669
1669 1906
898 1444
869 1586
453 1669
1669 869
155 1669
869 702
869 691
869 1287
1287 895
1287 1669
1287 155
1287 869
155 1287
655 1287
630 1287
728 1669
728 1287
282 1287
1287 1460
1125 282
1125 1287
430 1952
430 1952
1287 630
1462 1287
630 1876
895 453
453 895
1669 155
1287 453
1287 1669
1287 1669
1287 895
1669 841
498 1952
1287 1669
1287 155
430 1952
1287 1876
1287 1738
1287 895
702 691
702 1287
1287 1669
1287 728
1287 282
1287 1125
1393 1287
1287 702
498 1952
1669 56
1328 713
1328 453
430 1952
1287 2027
155 1287
2027 1287
1669 728
1287 895
453 895
895 1287
1287 282
1328 1287
1328 713
453 895
841 1669
630 1876
895 453
630 1876
1876 1091
1876 1287
1037 1876
1037 1952
1037 1159
1037 1377
1669 1287
453 895
155 1287
1287 453
895 1287
1714 1714
1037 1876
1037 1952
1037 1159
1037 1377
1287 1669
1287 155
869 1550
1876 282
1738 1287
1287 282
1287 1876
1369 1369
