59	89	0.02597402597402598
59	60	0.03896103896103897
59	115	0.03896103896103897
59	18	0.029220779220779227
59	7	0.03571428571428572
59	4	0.021103896103896107
59	98	0.02597402597402598
59	102	0.021103896103896107
59	37	0.03733766233766234
59	64	0.04058441558441559
58	87	0.03733766233766234
58	57	0.05357142857142858
58	113	0.042207792207792215
58	49	0.029220779220779227
58	76	0.03571428571428572
58	45	0.04870129870129871
58	43	0.042207792207792215
58	2	0.04058441558441559
58	93	0.027597402597402603
58	92	0.02272727272727273
57	88	0.034090909090909095
57	58	0.05357142857142858
57	28	0.01785714285714286
57	77	0.03084415584415585
57	107	0.034090909090909095
57	71	0.03733766233766234
57	97	0.04545454545454546
57	96	0.016233766233766236
57	66	0.016233766233766236
57	63	0.03246753246753247
56	90	0.04383116883116884
56	32	0.04707792207792209
56	31	0.04707792207792209
56	30	0.04383116883116884
56	55	0.03084415584415585
56	80	0.024350649350649355
56	20	0.03896103896103897
56	7	0.03733766233766234
56	102	0.034090909090909095
56	95	0.034090909090909095
56	36	0.05357142857142858
55	62	0.03733766233766234
55	32	0.02597402597402598
55	56	0.03084415584415585
55	19	0.03084415584415585
55	15	0.024350649350649355
55	72	0.03571428571428572
55	39	0.034090909090909095
55	40	0.016233766233766236
55	100	0.042207792207792215
55	35	0.024350649350649355
54	89	0.03896103896103897
54	87	0.03246753246753247
54	84	0.03084415584415585
54	26	0.04707792207792209
54	115	0.03733766233766234
54	53	0.04058441558441559
54	49	0.01785714285714286
54	111	0.03733766233766234
54	50	0.042207792207792215
54	47	0.04383116883116884
54	74	0.027597402597402603
54	68	0.03896103896103897
53	85	0.029220779220779227
53	54	0.04058441558441559
53	113	0.03733766233766234
53	75	0.03733766233766234
53	73	0.034090909090909095
53	6	0.019480519480519484
53	99	0.034090909090909095
53	103	0.021103896103896107
53	4	0.029220779220779227
53	41	0.04707792207792209
52	79	0.04058441558441559
52	23	0.034090909090909095
52	112	0.01785714285714286
52	78	0.03896103896103897
52	22	0.029220779220779227
52	51	0.058441558441558454
52	109	0.034090909090909095
52	9	0.02597402597402598
52	69	0.027597402597402603
52	102	0.034090909090909095
52	41	0.027597402597402603
51	91	0.06655844155844157
51	29	0.04870129870129871
51	31	0.029220779220779227
51	25	0.04383116883116884
51	79	0.042207792207792215
51	52	0.058441558441558454
51	69	0.03896103896103897
51	70	0.058441558441558454
51	12	0.029220779220779227
50	89	0.021103896103896107
50	33	0.019480519480519484
50	85	0.014610389610389614
50	84	0.02272727272727273
50	115	0.02272727272727273
50	54	0.042207792207792215
50	49	0.014610389610389614
50	111	0.027597402597402603
50	47	0.01785714285714286
50	74	0.029220779220779227
50	68	0.03084415584415585
115	89	0.01785714285714286
115	59	0.03896103896103897
115	84	0.042207792207792215
115	54	0.03733766233766234
115	111	0.021103896103896107
115	50	0.02272727272727273
115	47	0.027597402597402603
115	16	0.042207792207792215
115	74	0.02272727272727273
115	105	0.03571428571428572
115	68	0.021103896103896107
114	88	0.021103896103896107
114	29	0.04058441558441559
114	60	0.034090909090909095
114	77	0.034090909090909095
114	21	0.03084415584415585
114	18	0.02597402597402598
114	71	0.03733766233766234
114	97	0.034090909090909095
114	96	0.03246753246753247
114	66	0.03896103896103897
113	58	0.042207792207792215
113	53	0.03733766233766234
113	76	0.029220779220779227
113	45	0.04707792207792209
113	98	0.034090909090909095
113	97	0.055194805194805206
113	67	0.04058441558441559
113	93	0.03896103896103897
113	64	0.02597402597402598
113	92	0.03733766233766234
112	24	0.042207792207792215
112	79	0.029220779220779227
112	52	0.01785714285714286
112	78	0.03733766233766234
112	22	0.029220779220779227
112	109	0.03246753246753247
112	9	0.03733766233766234
112	47	0.03896103896103897
112	8	0.0616883116883117
112	69	0.04058441558441559
112	65	0.05194805194805196
111	89	0.03571428571428572
111	84	0.02272727272727273
111	115	0.021103896103896107
111	54	0.03733766233766234
111	25	0.029220779220779227
111	81	0.01785714285714286
111	50	0.027597402597402603
111	47	0.01785714285714286
111	74	0.03084415584415585
111	14	0.03246753246753247
111	68	0.03246753246753247
110	90	0.034090909090909095
110	31	0.029220779220779227
110	26	0.055194805194805206
110	80	0.03571428571428572
110	46	0.019480519480519484
110	106	0.029220779220779227
110	104	0.029220779220779227
110	38	0.024350649350649355
110	2	0.05357142857142858
110	64	0.02272727272727273
110	34	0.03084415584415585
49	58	0.029220779220779227
49	87	0.03246753246753247
49	54	0.01785714285714286
49	50	0.014610389610389614
49	76	0.03896103896103897
49	45	0.04383116883116884
49	99	0.05357142857142858
49	97	0.03246753246753247
49	67	0.027597402597402603
49	93	0.029220779220779227
49	92	0.03246753246753247
48	62	0.014610389610389614
48	33	0.034090909090909095
48	61	0.02597402597402598
48	23	0.03084415584415585
48	47	0.03571428571428572
48	7	0.034090909090909095
48	16	0.024350649350649355
48	3	0.029220779220779227
48	101	0.03084415584415585
48	40	0.03896103896103897
48	65	0.042207792207792215
47	89	0.04383116883116884
47	84	0.02272727272727273
47	115	0.027597402597402603
47	54	0.04383116883116884
47	112	0.03896103896103897
47	22	0.034090909090909095
47	111	0.01785714285714286
47	48	0.03571428571428572
47	50	0.01785714285714286
47	74	0.034090909090909095
47	68	0.02272727272727273
46	90	0.03084415584415585
46	26	0.02597402597402598
46	110	0.019480519480519484
46	106	0.042207792207792215
46	45	0.03571428571428572
46	104	0.03246753246753247
46	14	0.02272727272727273
46	2	0.03733766233766234
46	38	0.042207792207792215
46	34	0.03896103896103897
46	63	0.03896103896103897
45	87	0.050324675324675334
45	31	0.04383116883116884
45	58	0.04870129870129871
45	113	0.04707792207792209
45	49	0.04383116883116884
45	20	0.029220779220779227
45	76	0.04383116883116884
45	46	0.03571428571428572
45	67	0.03084415584415585
45	36	0.06006493506493508
45	92	0.04383116883116884
44	62	0.03733766233766234
44	32	0.03084415584415585
44	86	0.034090909090909095
44	27	0.03733766233766234
44	80	0.04870129870129871
44	15	0.009740259740259742
44	43	0.034090909090909095
44	71	0.04707792207792209
44	13	0.029220779220779227
44	39	0.03571428571428572
44	37	0.024350649350649355
43	64	0.014610389610389614
43	27	0.02272727272727273
43	35	0.03084415584415585
43	58	0.042207792207792215
43	44	0.034090909090909095
43	19	0.03084415584415585
43	30	0.03246753246753247
42	24	0.03246753246753247
42	9	0.03246753246753247
42	17	0.0616883116883117
42	105	0.058441558441558454
42	5	0.04058441558441559
42	41	0.05194805194805196
42	68	0.042207792207792215
42	10	0.04545454545454546
42	1	0.027597402597402603
42	94	0.01298701298701299
41	53	0.04707792207792209
41	82	0.042207792207792215
41	52	0.027597402597402603
41	108	0.03571428571428572
41	8	0.050324675324675334
41	75	0.03246753246753247
41	73	0.042207792207792215
41	99	0.03896103896103897
41	103	0.03084415584415585
41	42	0.05194805194805196
41	4	0.021103896103896107
40	33	0.029220779220779227
40	61	0.016233766233766236
40	55	0.016233766233766236
40	83	0.03896103896103897
40	48	0.03896103896103897
40	107	0.03571428571428572
40	7	0.04383116883116884
40	16	0.027597402597402603
40	14	0.029220779220779227
40	39	0.03733766233766234
40	101	0.014610389610389614
109	79	0.03896103896103897
109	23	0.034090909090909095
109	52	0.034090909090909095
109	112	0.03246753246753247
109	78	0.03733766233766234
109	22	0.04058441558441559
109	8	0.03246753246753247
109	5	0.029220779220779227
109	69	0.04870129870129871
109	10	0.03733766233766234
108	89	0.03571428571428572
108	85	0.01785714285714286
108	82	0.021103896103896107
108	76	0.029220779220779227
108	73	0.021103896103896107
108	6	0.02272727272727273
108	99	0.055194805194805206
108	103	0.024350649350649355
108	41	0.03571428571428572
108	11	0.014610389610389614
107	33	0.029220779220779227
107	61	0.050324675324675334
107	57	0.034090909090909095
107	26	0.04058441558441559
107	16	0.03571428571428572
107	7	0.04058441558441559
107	14	0.03733766233766234
107	3	0.024350649350649355
107	40	0.03571428571428572
107	65	0.03084415584415585
107	93	0.03246753246753247
106	90	0.03733766233766234
106	26	0.04383116883116884
106	81	0.029220779220779227
106	110	0.029220779220779227
106	46	0.042207792207792215
106	104	0.03733766233766234
106	2	0.03733766233766234
106	38	0.034090909090909095
106	34	0.01785714285714286
106	63	0.02597402597402598
105	88	0.029220779220779227
105	115	0.03571428571428572
105	24	0.03896103896103897
105	17	0.02597402597402598
105	73	0.034090909090909095
105	5	0.04383116883116884
105	42	0.058441558441558454
105	68	0.03896103896103897
105	12	0.04058441558441559
105	10	0.03084415584415585
105	1	0.03084415584415585
105	94	0.034090909090909095
104	90	0.021103896103896107
104	26	0.034090909090909095
104	110	0.029220779220779227
104	46	0.03246753246753247
104	106	0.03733766233766234
104	71	0.03084415584415585
104	103	0.03084415584415585
104	2	0.02597402597402598
104	38	0.019480519480519484
104	34	0.03733766233766234
103	53	0.021103896103896107
103	108	0.024350649350649355
103	75	0.03733766233766234
103	73	0.04707792207792209
103	104	0.03084415584415585
103	99	0.034090909090909095
103	4	0.027597402597402603
103	41	0.03084415584415585
103	101	0.03084415584415585
103	11	0.02272727272727273
102	59	0.021103896103896107
102	31	0.029220779220779227
102	30	0.029220779220779227
102	56	0.034090909090909095
102	52	0.034090909090909095
102	80	0.03084415584415585
102	20	0.05194805194805196
102	2	0.03571428571428572
102	95	0.02597402597402598
102	36	0.04383116883116884
101	33	0.04383116883116884
101	83	0.06818181818181819
101	48	0.03084415584415585
101	7	0.03246753246753247
101	16	0.024350649350649355
101	14	0.029220779220779227
101	103	0.03084415584415585
101	3	0.027597402597402603
101	40	0.014610389610389614
101	100	0.014610389610389614
101	65	0.04058441558441559
100	62	0.05357142857142858
100	90	0.034090909090909095
100	32	0.03246753246753247
100	86	0.024350649350649355
100	55	0.042207792207792215
100	19	0.03084415584415585
100	15	0.03733766233766234
100	72	0.06331168831168832
100	101	0.014610389610389614
100	35	0.034090909090909095
39	29	0.02597402597402598
39	86	0.024350649350649355
39	27	0.027597402597402603
39	55	0.034090909090909095
39	19	0.024350649350649355
39	17	0.04545454545454546
39	44	0.03571428571428572
39	15	0.03246753246753247
39	72	0.03084415584415585
39	13	0.019480519480519484
39	40	0.03733766233766234
38	90	0.04058441558441559
38	26	0.034090909090909095
38	81	0.04545454545454546
38	110	0.024350649350649355
38	46	0.042207792207792215
38	106	0.034090909090909095
38	104	0.019480519480519484
38	2	0.04707792207792209
38	96	0.027597402597402603
38	37	0.042207792207792215
38	34	0.029220779220779227
37	38	0.042207792207792215
37	13	0.034090909090909095
37	60	0.04383116883116884
37	59	0.03733766233766234
37	21	0.024350649350649355
37	44	0.024350649350649355
37	20	0.03571428571428572
37	19	0.03896103896103897
36	31	0.03733766233766234
36	30	0.03896103896103897
36	56	0.05357142857142858
36	80	0.05681818181818183
36	20	0.06006493506493508
36	45	0.06006493506493508
36	102	0.04383116883116884
36	95	0.04383116883116884
36	1	0.027597402597402603
36	93	0.02597402597402598
36	35	0.042207792207792215
35	62	0.042207792207792215
35	32	0.04058441558441559
35	27	0.029220779220779227
35	55	0.024350649350649355
35	19	0.04383116883116884
35	72	0.03246753246753247
35	43	0.03084415584415585
35	13	0.03084415584415585
35	100	0.034090909090909095
35	95	0.024350649350649355
35	36	0.042207792207792215
99	85	0.027597402597402603
99	82	0.021103896103896107
99	53	0.034090909090909095
99	78	0.03733766233766234
99	49	0.05357142857142858
99	108	0.055194805194805206
99	6	0.021103896103896107
99	103	0.034090909090909095
99	98	0.03896103896103897
99	41	0.03896103896103897
99	11	0.03084415584415585
34	90	0.03733766233766234
34	26	0.04058441558441559
34	110	0.03084415584415585
34	20	0.03571428571428572
34	46	0.03896103896103897
34	106	0.01785714285714286
34	104	0.03733766233766234
34	2	0.04383116883116884
34	38	0.029220779220779227
34	1	0.03896103896103897
98	64	0.03084415584415585
98	6	0.03733766233766234
98	99	0.03896103896103897
98	87	0.042207792207792215
98	12	0.03571428571428572
98	113	0.034090909090909095
98	60	0.02597402597402598
98	59	0.02597402597402598
33	32	0.03246753246753247
33	22	0.03571428571428572
33	48	0.034090909090909095
33	50	0.019480519480519484
33	107	0.029220779220779227
33	16	0.03246753246753247
33	7	0.03084415584415585
33	14	0.03246753246753247
33	101	0.04383116883116884
33	40	0.029220779220779227
33	65	0.016233766233766236
97	88	0.03733766233766234
97	28	0.03896103896103897
97	57	0.04545454545454546
97	114	0.034090909090909095
97	113	0.055194805194805206
97	49	0.03246753246753247
97	77	0.04058441558441559
97	21	0.03084415584415585
97	18	0.029220779220779227
97	66	0.04545454545454546
32	33	0.03246753246753247
32	62	0.05357142857142858
32	86	0.03733766233766234
32	56	0.04707792207792209
32	55	0.02597402597402598
32	80	0.042207792207792215
32	19	0.042207792207792215
32	44	0.03084415584415585
32	72	0.03246753246753247
32	100	0.03246753246753247
32	35	0.04058441558441559
96	88	0.019480519480519484
96	28	0.029220779220779227
96	57	0.016233766233766236
96	114	0.03246753246753247
96	77	0.019480519480519484
96	18	0.01785714285714286
96	71	0.03246753246753247
96	70	0.029220779220779227
96	38	0.027597402597402603
96	63	0.021103896103896107
31	30	0.02597402597402598
31	56	0.04707792207792209
31	83	0.03733766233766234
31	80	0.034090909090909095
31	51	0.029220779220779227
31	110	0.029220779220779227
31	20	0.03896103896103897
31	45	0.04383116883116884
31	102	0.029220779220779227
31	95	0.050324675324675334
31	36	0.03733766233766234
95	31	0.050324675324675334
95	30	0.04707792207792209
95	56	0.034090909090909095
95	83	0.024350649350649355
95	81	0.02597402597402598
95	80	0.05681818181818183
95	20	0.03733766233766234
95	102	0.02597402597402598
95	36	0.04383116883116884
95	35	0.024350649350649355
30	31	0.02597402597402598
30	56	0.04383116883116884
30	83	0.03733766233766234
30	81	0.042207792207792215
30	80	0.034090909090909095
30	20	0.04707792207792209
30	43	0.03246753246753247
30	102	0.029220779220779227
30	95	0.04707792207792209
30	36	0.03896103896103897
30	92	0.03084415584415585
94	83	0.03084415584415585
94	24	0.027597402597402603
94	81	0.03733766233766234
94	17	0.04383116883116884
94	105	0.034090909090909095
94	5	0.04707792207792209
94	42	0.01298701298701299
94	10	0.03084415584415585
94	1	0.029220779220779227
94	92	0.021103896103896107
93	62	0.04707792207792209
93	58	0.027597402597402603
93	87	0.04707792207792209
93	113	0.03896103896103897
93	49	0.029220779220779227
93	76	0.01785714285714286
93	107	0.03246753246753247
93	16	0.03246753246753247
93	67	0.042207792207792215
93	36	0.02597402597402598
93	92	0.04058441558441559
92	58	0.02272727272727273
92	87	0.03571428571428572
92	30	0.03084415584415585
92	113	0.03733766233766234
92	81	0.03084415584415585
92	49	0.03246753246753247
92	45	0.04383116883116884
92	70	0.02272727272727273
92	67	0.03571428571428572
92	94	0.021103896103896107
92	93	0.04058441558441559
91	29	0.03084415584415585
91	25	0.04545454545454546
91	24	0.024350649350649355
91	51	0.06655844155844157
91	9	0.029220779220779227
91	6	0.03896103896103897
91	70	0.03896103896103897
91	12	0.04707792207792209
91	1	0.050324675324675334
90	89	0.034090909090909095
90	56	0.04383116883116884
90	26	0.03896103896103897
90	110	0.034090909090909095
90	46	0.03084415584415585
90	106	0.03733766233766234
90	104	0.021103896103896107
90	2	0.04545454545454546
90	38	0.04058441558441559
90	100	0.034090909090909095
90	34	0.03733766233766234
29	91	0.03084415584415585
29	25	0.04383116883116884
29	114	0.04058441558441559
29	79	0.04058441558441559
29	51	0.04870129870129871
29	5	0.04707792207792209
29	70	0.03571428571428572
29	12	0.03733766233766234
29	39	0.02597402597402598
28	57	0.01785714285714286
28	27	0.03896103896103897
28	77	0.029220779220779227
28	18	0.024350649350649355
28	71	0.027597402597402603
28	97	0.03896103896103897
28	96	0.029220779220779227
28	2	0.03246753246753247
28	66	0.02597402597402598
28	64	0.03896103896103897
28	63	0.03896103896103897
27	62	0.03246753246753247
27	86	0.034090909090909095
27	28	0.03896103896103897
27	44	0.03733766233766234
27	15	0.04383116883116884
27	43	0.02272727272727273
27	4	0.03084415584415585
27	13	0.034090909090909095
27	39	0.027597402597402603
27	35	0.029220779220779227
26	90	0.03896103896103897
26	54	0.04707792207792209
26	25	0.042207792207792215
26	110	0.055194805194805206
26	107	0.04058441558441559
26	46	0.02597402597402598
26	106	0.04383116883116884
26	104	0.034090909090909095
26	2	0.03733766233766234
26	38	0.034090909090909095
26	34	0.04058441558441559
25	91	0.04545454545454546
25	88	0.03571428571428572
25	29	0.04383116883116884
25	85	0.050324675324675334
25	26	0.042207792207792215
25	51	0.04383116883116884
25	111	0.029220779220779227
25	70	0.04870129870129871
25	12	0.02597402597402598
25	67	0.04545454545454546
89	90	0.034090909090909095
89	59	0.02597402597402598
89	84	0.02597402597402598
89	115	0.01785714285714286
89	54	0.03896103896103897
89	111	0.03571428571428572
89	50	0.021103896103896107
89	108	0.03571428571428572
89	47	0.04383116883116884
89	74	0.03896103896103897
89	68	0.03733766233766234
89	70	0.04870129870129871
24	91	0.024350649350649355
24	79	0.03896103896103897
24	23	0.04058441558441559
24	112	0.042207792207792215
24	17	0.050324675324675334
24	105	0.03896103896103897
24	5	0.03084415584415585
24	42	0.03246753246753247
24	10	0.03571428571428572
24	1	0.04707792207792209
24	94	0.027597402597402603
88	87	0.03571428571428572
88	57	0.034090909090909095
88	25	0.03571428571428572
88	114	0.021103896103896107
88	21	0.03246753246753247
88	18	0.006493506493506494
88	105	0.029220779220779227
88	97	0.03733766233766234
88	96	0.019480519480519484
88	66	0.02272727272727273
88	63	0.034090909090909095
23	24	0.04058441558441559
23	79	0.03571428571428572
23	52	0.034090909090909095
23	78	0.03733766233766234
23	22	0.034090909090909095
23	109	0.034090909090909095
23	48	0.03084415584415585
23	9	0.034090909090909095
23	8	0.03733766233766234
23	69	0.014610389610389614
23	10	0.03896103896103897
87	88	0.03571428571428572
87	58	0.03733766233766234
87	54	0.03246753246753247
87	81	0.02597402597402598
87	49	0.03246753246753247
87	76	0.04707792207792209
87	45	0.050324675324675334
87	98	0.042207792207792215
87	67	0.03246753246753247
87	93	0.04707792207792209
87	92	0.03571428571428572
22	33	0.03571428571428572
22	23	0.034090909090909095
22	52	0.029220779220779227
22	112	0.029220779220779227
22	78	0.03733766233766234
22	109	0.04058441558441559
22	21	0.042207792207792215
22	9	0.03084415584415585
22	47	0.034090909090909095
22	8	0.03896103896103897
22	69	0.034090909090909095
86	32	0.03733766233766234
86	27	0.034090909090909095
86	81	0.05357142857142858
86	7	0.03084415584415585
86	44	0.034090909090909095
86	15	0.05194805194805196
86	13	0.055194805194805206
86	39	0.024350649350649355
86	100	0.024350649350649355
21	88	0.03246753246753247
21	114	0.03084415584415585
21	22	0.042207792207792215
21	77	0.034090909090909095
21	18	0.034090909090909095
21	76	0.03571428571428572
21	71	0.029220779220779227
21	97	0.03084415584415585
21	66	0.03571428571428572
21	37	0.024350649350649355
21	63	0.02597402597402598
85	84	0.034090909090909095
85	25	0.050324675324675334
85	53	0.029220779220779227
85	82	0.021103896103896107
85	50	0.014610389610389614
85	108	0.01785714285714286
85	75	0.03084415584415585
85	6	0.03084415584415585
85	99	0.027597402597402603
85	4	0.01785714285714286
85	11	0.01785714285714286
20	31	0.03896103896103897
20	30	0.04707792207792209
20	56	0.03896103896103897
20	80	0.029220779220779227
20	19	0.02597402597402598
20	45	0.029220779220779227
20	102	0.05194805194805196
20	95	0.03733766233766234
20	37	0.03571428571428572
20	36	0.06006493506493508
20	34	0.03571428571428572
84	89	0.02597402597402598
84	85	0.034090909090909095
84	115	0.042207792207792215
84	54	0.03084415584415585
84	82	0.042207792207792215
84	111	0.02272727272727273
84	50	0.02272727272727273
84	47	0.02272727272727273
84	74	0.02272727272727273
84	68	0.03571428571428572
84	70	0.03733766233766234
83	31	0.03733766233766234
83	30	0.03733766233766234
83	82	0.03246753246753247
83	81	0.03733766233766234
83	78	0.03571428571428572
83	8	0.05194805194805196
83	75	0.03896103896103897
83	101	0.06818181818181819
83	40	0.03896103896103897
83	95	0.024350649350649355
83	94	0.03084415584415585
82	85	0.021103896103896107
82	84	0.042207792207792215
82	83	0.03246753246753247
82	108	0.021103896103896107
82	17	0.04545454545454546
82	73	0.03571428571428572
82	6	0.021103896103896107
82	99	0.021103896103896107
82	4	0.01785714285714286
82	41	0.042207792207792215
82	11	0.019480519480519484
81	87	0.02597402597402598
81	30	0.042207792207792215
81	86	0.05357142857142858
81	83	0.03733766233766234
81	80	0.027597402597402603
81	111	0.01785714285714286
81	106	0.029220779220779227
81	38	0.04545454545454546
81	95	0.02597402597402598
81	94	0.03733766233766234
81	92	0.03084415584415585
80	32	0.042207792207792215
80	31	0.034090909090909095
80	30	0.034090909090909095
80	56	0.024350649350649355
80	81	0.027597402597402603
80	110	0.03571428571428572
80	20	0.029220779220779227
80	44	0.04870129870129871
80	102	0.03084415584415585
80	95	0.05681818181818183
80	36	0.05681818181818183
9	91	0.029220779220779227
9	79	0.027597402597402603
9	23	0.034090909090909095
9	52	0.02597402597402598
9	112	0.03733766233766234
9	78	0.03084415584415585
9	22	0.03084415584415585
9	8	0.04058441558441559
9	42	0.03246753246753247
9	69	0.04870129870129871
9	10	0.03896103896103897
8	83	0.05194805194805196
8	79	0.042207792207792215
8	23	0.03733766233766234
8	112	0.0616883116883117
8	78	0.03246753246753247
8	22	0.03896103896103897
8	109	0.03246753246753247
8	9	0.04058441558441559
8	7	0.021103896103896107
8	74	0.03084415584415585
8	69	0.034090909090909095
8	41	0.050324675324675334
7	33	0.03084415584415585
7	59	0.03571428571428572
7	61	0.042207792207792215
7	86	0.03084415584415585
7	56	0.03733766233766234
7	48	0.034090909090909095
7	107	0.04058441558441559
7	8	0.021103896103896107
7	3	0.03896103896103897
7	101	0.03246753246753247
7	40	0.04383116883116884
7	65	0.016233766233766236
6	91	0.03896103896103897
6	85	0.03084415584415585
6	53	0.019480519480519484
6	82	0.021103896103896107
6	108	0.02272727272727273
6	75	0.024350649350649355
6	99	0.021103896103896107
6	5	0.03571428571428572
6	98	0.03733766233766234
6	4	0.02272727272727273
6	12	0.034090909090909095
6	11	0.042207792207792215
5	29	0.04707792207792209
5	24	0.03084415584415585
5	109	0.029220779220779227
5	17	0.03084415584415585
5	105	0.04383116883116884
5	6	0.03571428571428572
5	42	0.04058441558441559
5	70	0.042207792207792215
5	1	0.027597402597402603
5	10	0.04383116883116884
5	94	0.04707792207792209
4	59	0.021103896103896107
4	85	0.01785714285714286
4	27	0.03084415584415585
4	82	0.01785714285714286
4	53	0.029220779220779227
4	75	0.03084415584415585
4	73	0.034090909090909095
4	6	0.02272727272727273
4	103	0.027597402597402603
4	41	0.021103896103896107
4	3	0.024350649350649355
4	12	0.02272727272727273
3	61	0.042207792207792215
3	48	0.029220779220779227
3	107	0.024350649350649355
3	75	0.027597402597402603
3	7	0.03896103896103897
3	16	0.03733766233766234
3	73	0.03084415584415585
3	15	0.029220779220779227
3	14	0.01785714285714286
3	4	0.024350649350649355
3	101	0.027597402597402603
3	65	0.019480519480519484
2	90	0.04545454545454546
2	58	0.04058441558441559
2	28	0.03246753246753247
2	26	0.03733766233766234
2	110	0.05357142857142858
2	46	0.03733766233766234
2	106	0.03733766233766234
2	104	0.02597402597402598
2	102	0.03571428571428572
2	38	0.04707792207792209
2	1	0.04058441558441559
2	34	0.04383116883116884
1	91	0.050324675324675334
1	24	0.04707792207792209
1	17	0.04058441558441559
1	105	0.03084415584415585
1	5	0.027597402597402603
1	42	0.027597402597402603
1	2	0.04058441558441559
1	66	0.03084415584415585
1	10	0.02597402597402598
1	94	0.029220779220779227
1	36	0.027597402597402603
1	34	0.03896103896103897
19	62	0.03084415584415585
19	32	0.042207792207792215
19	55	0.03084415584415585
19	20	0.02597402597402598
19	72	0.04383116883116884
19	43	0.03084415584415585
19	13	0.03571428571428572
19	39	0.024350649350649355
19	100	0.03084415584415585
19	37	0.03896103896103897
19	35	0.04383116883116884
18	59	0.029220779220779227
18	88	0.006493506493506494
18	28	0.024350649350649355
18	114	0.02597402597402598
18	21	0.034090909090909095
18	17	0.029220779220779227
18	13	0.03246753246753247
18	97	0.029220779220779227
18	96	0.01785714285714286
18	66	0.04383116883116884
18	63	0.03246753246753247
17	82	0.04545454545454546
17	24	0.050324675324675334
17	18	0.029220779220779227
17	105	0.02597402597402598
17	5	0.03084415584415585
17	42	0.0616883116883117
17	68	0.034090909090909095
17	39	0.04545454545454546
17	10	0.04545454545454546
17	1	0.04058441558441559
17	94	0.04383116883116884
16	33	0.03246753246753247
16	61	0.034090909090909095
16	115	0.042207792207792215
16	48	0.024350649350649355
16	107	0.03571428571428572
16	15	0.042207792207792215
16	14	0.024350649350649355
16	69	0.029220779220779227
16	3	0.03733766233766234
16	101	0.024350649350649355
16	40	0.027597402597402603
16	93	0.03246753246753247
15	86	0.05194805194805196
15	27	0.04383116883116884
15	55	0.024350649350649355
15	16	0.042207792207792215
15	44	0.009740259740259742
15	72	0.03084415584415585
15	13	0.024350649350649355
15	3	0.029220779220779227
15	39	0.03246753246753247
15	100	0.03733766233766234
79	29	0.04058441558441559
79	24	0.03896103896103897
79	52	0.04058441558441559
79	23	0.03571428571428572
79	112	0.029220779220779227
79	78	0.03733766233766234
79	51	0.042207792207792215
79	109	0.03896103896103897
79	9	0.027597402597402603
79	8	0.042207792207792215
79	69	0.02597402597402598
14	33	0.03246753246753247
14	61	0.04707792207792209
14	111	0.03246753246753247
14	107	0.03733766233766234
14	46	0.02272727272727273
14	16	0.024350649350649355
14	13	0.04058441558441559
14	3	0.01785714285714286
14	101	0.029220779220779227
14	40	0.029220779220779227
14	65	0.034090909090909095
78	83	0.03571428571428572
78	79	0.03733766233766234
78	23	0.03733766233766234
78	52	0.03896103896103897
78	112	0.03733766233766234
78	22	0.03733766233766234
78	109	0.03733766233766234
78	9	0.03084415584415585
78	8	0.03246753246753247
78	74	0.03733766233766234
78	99	0.03733766233766234
13	86	0.055194805194805206
13	27	0.034090909090909095
13	19	0.03571428571428572
13	18	0.03246753246753247
13	44	0.029220779220779227
13	15	0.024350649350649355
13	14	0.04058441558441559
13	39	0.019480519480519484
13	37	0.034090909090909095
13	35	0.03084415584415585
77	60	0.04545454545454546
77	28	0.029220779220779227
77	57	0.03084415584415585
77	114	0.034090909090909095
77	21	0.034090909090909095
77	76	0.03733766233766234
77	71	0.02272727272727273
77	97	0.04058441558441559
77	96	0.019480519480519484
77	67	0.042207792207792215
77	63	0.021103896103896107
12	91	0.04707792207792209
12	29	0.03733766233766234
12	25	0.02597402597402598
12	51	0.029220779220779227
12	105	0.04058441558441559
12	6	0.034090909090909095
12	98	0.03571428571428572
12	4	0.02272727272727273
12	70	0.03246753246753247
12	11	0.03084415584415585
76	58	0.03571428571428572
76	87	0.04707792207792209
76	113	0.029220779220779227
76	49	0.03896103896103897
76	77	0.03733766233766234
76	21	0.03571428571428572
76	108	0.029220779220779227
76	45	0.04383116883116884
76	67	0.03896103896103897
76	93	0.01785714285714286
11	61	0.03084415584415585
11	85	0.01785714285714286
11	82	0.019480519480519484
11	108	0.014610389610389614
11	75	0.01785714285714286
11	73	0.03084415584415585
11	6	0.042207792207792215
11	99	0.03084415584415585
11	103	0.02272727272727273
11	12	0.03084415584415585
75	85	0.03084415584415585
75	83	0.03896103896103897
75	53	0.03733766233766234
75	74	0.034090909090909095
75	73	0.04707792207792209
75	6	0.024350649350649355
75	103	0.03733766233766234
75	4	0.03084415584415585
75	41	0.03246753246753247
75	3	0.027597402597402603
75	11	0.01785714285714286
10	24	0.03571428571428572
10	23	0.03896103896103897
10	109	0.03733766233766234
10	9	0.03896103896103897
10	17	0.04545454545454546
10	105	0.03084415584415585
10	5	0.04383116883116884
10	42	0.04545454545454546
10	1	0.02597402597402598
10	94	0.03084415584415585
10	65	0.03571428571428572
74	89	0.03896103896103897
74	84	0.02272727272727273
74	115	0.02272727272727273
74	54	0.027597402597402603
74	78	0.03733766233766234
74	111	0.03084415584415585
74	50	0.029220779220779227
74	47	0.034090909090909095
74	8	0.03084415584415585
74	75	0.034090909090909095
74	68	0.03571428571428572
73	53	0.034090909090909095
73	82	0.03571428571428572
73	108	0.021103896103896107
73	75	0.04707792207792209
73	105	0.034090909090909095
73	72	0.034090909090909095
73	103	0.04707792207792209
73	4	0.034090909090909095
73	41	0.042207792207792215
73	3	0.03084415584415585
73	11	0.03084415584415585
72	62	0.03733766233766234
72	32	0.03246753246753247
72	61	0.03733766233766234
72	55	0.03571428571428572
72	19	0.04383116883116884
72	73	0.034090909090909095
72	15	0.03084415584415585
72	39	0.03084415584415585
72	100	0.06331168831168832
72	35	0.03246753246753247
71	28	0.027597402597402603
71	57	0.03733766233766234
71	114	0.03733766233766234
71	77	0.02272727272727273
71	21	0.029220779220779227
71	44	0.04707792207792209
71	104	0.03084415584415585
71	70	0.027597402597402603
71	96	0.03246753246753247
71	66	0.027597402597402603
71	63	0.021103896103896107
70	91	0.03896103896103897
70	89	0.04870129870129871
70	29	0.03571428571428572
70	84	0.03733766233766234
70	25	0.04870129870129871
70	51	0.058441558441558454
70	5	0.042207792207792215
70	71	0.027597402597402603
70	12	0.03246753246753247
70	96	0.029220779220779227
70	92	0.02272727272727273
69	79	0.02597402597402598
69	23	0.014610389610389614
69	52	0.027597402597402603
69	112	0.04058441558441559
69	22	0.034090909090909095
69	51	0.03896103896103897
69	109	0.04870129870129871
69	9	0.04870129870129871
69	8	0.034090909090909095
69	16	0.029220779220779227
69	68	0.03571428571428572
68	89	0.03733766233766234
68	84	0.03571428571428572
68	115	0.021103896103896107
68	54	0.03896103896103897
68	111	0.03246753246753247
68	50	0.03084415584415585
68	47	0.02272727272727273
68	17	0.034090909090909095
68	74	0.03571428571428572
68	105	0.03896103896103897
68	42	0.042207792207792215
68	69	0.03571428571428572
67	60	0.05194805194805196
67	87	0.03246753246753247
67	25	0.04545454545454546
67	113	0.04058441558441559
67	49	0.027597402597402603
67	77	0.042207792207792215
67	76	0.03896103896103897
67	45	0.03084415584415585
67	66	0.042207792207792215
67	93	0.042207792207792215
67	92	0.03571428571428572
66	88	0.02272727272727273
66	28	0.02597402597402598
66	57	0.016233766233766236
66	114	0.03896103896103897
66	21	0.03571428571428572
66	18	0.04383116883116884
66	71	0.027597402597402603
66	97	0.04545454545454546
66	67	0.042207792207792215
66	1	0.03084415584415585
66	64	0.03571428571428572
65	33	0.016233766233766236
65	61	0.029220779220779227
65	112	0.05194805194805196
65	48	0.042207792207792215
65	107	0.03084415584415585
65	7	0.016233766233766236
65	14	0.034090909090909095
65	3	0.019480519480519484
65	101	0.04058441558441559
65	10	0.03571428571428572
65	64	0.034090909090909095
64	59	0.04058441558441559
64	60	0.024350649350649355
64	28	0.03896103896103897
64	113	0.02597402597402598
64	110	0.02272727272727273
64	43	0.014610389610389614
64	98	0.03084415584415585
64	66	0.03571428571428572
64	65	0.034090909090909095
63	62	0.027597402597402603
63	88	0.034090909090909095
63	28	0.03896103896103897
63	57	0.03246753246753247
63	77	0.021103896103896107
63	21	0.02597402597402598
63	18	0.03246753246753247
63	46	0.03896103896103897
63	106	0.02597402597402598
63	71	0.021103896103896107
63	96	0.021103896103896107
62	32	0.05357142857142858
62	27	0.03246753246753247
62	55	0.03733766233766234
62	19	0.03084415584415585
62	48	0.014610389610389614
62	44	0.03733766233766234
62	72	0.03733766233766234
62	100	0.05357142857142858
62	93	0.04707792207792209
62	35	0.042207792207792215
62	63	0.027597402597402603
61	60	0.02597402597402598
61	48	0.02597402597402598
61	107	0.050324675324675334
61	7	0.042207792207792215
61	16	0.034090909090909095
61	72	0.03733766233766234
61	14	0.04707792207792209
61	3	0.042207792207792215
61	11	0.03084415584415585
61	40	0.016233766233766236
61	65	0.029220779220779227
60	64	0.024350649350649355
60	98	0.02597402597402598
60	37	0.04383116883116884
60	114	0.034090909090909095
60	61	0.02597402597402598
60	59	0.03896103896103897
60	67	0.05194805194805196
60	77	0.04545454545454546
