367 116
366 123
244 72
405 190
229 17
406 29
245 65
383 180
345 191
407 127
8 192
408 192
311 40
409 40
92 66
410 116
317 193
411 194
247 11
197 195
412 1
388 116
413 152
414 164
92 196
305 127
223 116
415 116
416 197
417 11
121 23
49 36
134 71
305 71
418 198
59 123
419 199
142 188
245 191
420 200
421 127
422 136
423 201
424 159
362 202
425 203
425 203
426 204
142 205
427 205
345 205
59 205
428 206
362 207
259 29
245 137
429 62
407 127
430 208
197 209
431 34
432 104
433 116
17 72
434 199
435 11
436 136
437 210
9 211
347 116
172 212
438 116
439 31
440 23
441 33
375 108
244 116
415 11
442 11
177 212
375 57
443 72
383 180
444 213
407 127
112 17
445 65
378 41
446 214
447 116
448 116
449 142
446 215
450 193
451 127
452 17
8 17
446 216
453 212
454 212
253 116
455 116
456 198
134 187
457 202
458 217
459 218
224 219
460 220
461 221
462 130
460 136
206 31
463 84
445 160
218 190
464 116
228 156
465 183
466 222
467 223
43 224
468 11
469 225
238 212
103 120
470 72
460 133
471 172
472 180
473 224
474 11
475 226
476 17
112 17
420 121
210 34
239 116
477 227
466 17
239 17
426 228
235 202
222 17
472 180
478 229
479 230
27 23
85 34
480 203
426 231
481 232
426 233
466 17
482 65
483 212
414 234
484 21
400 23
485 102
486 235
487 236
485 136
9 12
488 116
489 235
482 11
482 11
490 11
491 173
452 17
492 17
121 23
375 30
345 30
493 116
220 116
419 237
494 236
407 127
495 11
496 12
27 17
242 238
497 45
498 239
499 11
52 12
271 41
153 1
500 240
501 117
502 123
503 188
222 17
504 123
505 144
478 153
383 180
83 127
506 241
507 242
508 243
509 25
510 22
511 238
512 116
231 116
513 244
364 245
514 246
491 151
413 66
85 106
515 113
465 247
516 220
428 248
517 136
27 17
518 216
196 35
383 180
519 249
515 217
83 127
224 250
73 23
495 180
434 232
487 251
224 252
520 87
521 116
400 123
522 58
245 127
523 241
524 253
525 254
526 255
527 17
528 22
222 23
506 238
277 137
529 213
441 127
269 127
115 127
530 241
428 256
531 256
487 257
482 65
253 116
532 116
533 258
534 259
487 260
495 23
105 123
364 245
533 261
481 261
105 41
277 123
428 153
498 239
535 262
535 263
536 264
277 17
537 124
538 72
539 265
540 266
299 34
541 106
542 161
543 213
212 116
447 116
544 116
401 156
545 267
546 1
547 268
548 269
226 82
322 82
91 123
549 188
550 241
551 9
544 270
148 116
105 116
552 249
364 271
553 272
364 273
554 274
554 275
555 214
556 145
557 272
558 249
555 244
559 276
558 116
560 256
407 277
292 278
561 22
562 1
547 279
547 280
92 2
563 281
547 282
401 283
564 11
33 23
565 156
434 257
565 271
305 277
566 2
311 284
487 285
567 286
566 94
568 104
220 116
569 164
570 168
524 287
571 288
40 289
572 290
573 41
487 291
574 1
575 66
199 120
547 257
576 292
577 292
277 2
518 290
555 244
578 244
579 2
203 293
309 294
580 295
574 34
286 48
581 95
582 296
583 297
584 52
585 117
586 298
587 250
438 283
588 299
451 277
589 2
434 300
590 301
591 32
592 120
593 203
594 250
595 11
596 292
597 277
592 2
598 302
586 213
599 303
43 293
600 293
601 294
602 304
301 305
603 116
383 180
604 193
552 249
605 265
606 283
607 293
457 267
526 306
608 29
609 29
566 46
610 123
611 123
1 161
612 215
613 239
614 306
426 307
612 308
615 167
1 23
572 282
616 9
617 188
434 298
546 22
618 67
619 65
620 1
621 86
541 106
622 123
623 180
624 105
560 256
18 283
625 292
103 297
626 309
627 309
628 310
629 311
630 1
583 1
592 1
631 137
268 144
632 168
498 239
214 67
83 127
633 272
305 277
612 312
634 313
52 41
635 123
636 314
234 315
637 29
638 316
614 316
639 194
187 11
640 11
558 293
437 317
641 318
624 319
642 320
643 44
175 321
107 66
644 95
107 18
645 69
645 191
566 69
228 127
646 11
647 295
648 322
649 323
228 22
650 198
651 11
583 324
652 325
653 130
459 30
654 165
286 165
266 283
633 272
552 326
655 309
311 327
656 328
657 329
658 12
659 330
647 35
660 331
661 325
662 325
662 325
134 135
663 215
664 193
665 206
666 292
200 292
586 332
647 333
369 12
667 22
668 262
669 293
364 334
670 19
671 161
438 283
18 331
396 283
672 272
466 11
309 294
673 332
305 189
674 189
675 335
676 203
677 203
678 283
679 293
680 331
201 334
83 336
127 337
681 338
682 339
17 323
682 340
683 129
671 161
438 161
684 335
685 335
673 341
686 11
687 280
237 315
688 337
689 342
690 343
691 343
667 344
677 274
692 189
134 323
441 323
686 29
693 345
694 26
695 282
667 346
696 214
693 347
697 348
698 215
699 250
700 11
476 292
52 349
688 344
701 89
364 161
702 215
703 293
704 333
705 350
706 351
707 102
708 129
299 334
709 323
710 238
18 45
711 352
712 159
711 283
713 11
714 315
612 308
311 353
715 12
711 29
716 7
717 282
372 151
718 354
719 355
720 22
451 65
679 18
213 35
416 180
721 283
722 11
685 287
364 315
723 356
401 357
724 29
725 31
726 32
727 82
49 353
612 358
728 359
34 360
708 361
729 12
730 362
403 188
708 363
731 349
305 364
715 12
556 173
732 29
470 165
733 239
459 239
734 349
723 356
735 365
736 366
224 367
717 368
220 12
737 36
738 41
739 11
740 293
741 369
704 370
742 312
265 125
533 279
743 371
533 372
658 349
466 349
744 373
743 345
709 374
745 156
518 375
746 250
747 11
748 276
749 331
750 376
596 353
438 353
508 355
746 377
746 378
746 379
446 380
655 381
518 382
751 302
746 207
746 173
683 121
745 7
752 82
753 89
754 215
755 257
668 262
471 272
756 11
757 292
283 293
758 383
561 22
759 7
760 95
761 283
762 292
763 293
665 315
582 381
764 384
765 385
683 173
745 31
612 290
105 66
241 116
766 149
767 272
768 310
560 315
366 41
769 45
770 340
770 129
770 206
770 363
116 239
711 331
771 386
20 352
772 146
773 293
18 369
612 368
655 387
741 12
741 12
741 388
720 44
774 32
581 1
775 11
596 353
311 389
758 383
727 207
235 207
741 37
178 65
711 65
401 38
503 188
776 218
581 2
763 293
672 336
701 369
777 390
717 382
778 391
779 207
585 385
780 385
781 32
779 145
782 109
783 105
784 283
785 292
762 292
786 292
787 291
115 328
770 392
788 393
789 394
790 395
791 34
792 67
741 67
741 67
793 214
389 116
428 363
470 2
671 293
401 293
629 311
794 349
771 396
795 397
796 12
269 29
33 23
797 41
798 41
22 346
799 188
800 354
717 285
162 293
680 331
801 398
802 399
162 66
803 217
804 292
805 131
806 34
366 41
389 116
807 165
808 193
809 217
762 276
244 276
63 292
187 292
810 338
625 349
811 34
174 32
600 41
718 354
812 283
813 372
814 372
815 293
71 349
816 400
817 362
818 32
812 87
549 188
819 283
820 292
821 292
822 398
823 401
655 402
753 403
824 404
783 405
656 406
245 29
412 1
659 407
825 214
136 84
20 352
826 116
660 89
136 191
785 276
827 292
828 307
829 408
764 402
830 409
628 410
655 411
831 412
832 413
833 207
136 23
834 41
835 82
836 414
837 193
600 283
838 272
610 277
658 293
839 293
286 293
778 311
840 336
841 343
833 415
842 99
842 67
843 109
403 188
844 283
845 299
717 416
846 417
845 418
723 419
847 420
810 421
848 422
205 423
849 41
850 421
18 328
600 349
596 353
851 424
841 425
375 419
852 45
853 269
52 283
854 283
855 398
681 426
756 29
121 23
856 86
71 116
857 188
830 188
830 354
552 292
858 292
660 403
859 423
210 427
783 405
860 31
389 116
861 116
697 420
434 199
862 105
863 105
864 299
717 416
690 428
865 29
866 29
867 290
797 41
455 116
772 146
868 146
869 188
870 421
600 292
871 429
872 41
873 151
874 375
875 272
876 292
873 430
877 425
366 41
878 116
621 165
879 188
880 188
104 277
247 2
881 402
851 424
882 128
830 188
660 354
883 233
493 11
884 292
885 277
689 431
886 313
828 432
887 29
888 41
889 113
633 272
861 11
890 402
891 433
656 434
892 435
893 436
861 29
235 23
621 41
894 214
674 109
555 437
861 144
671 161
895 105
896 283
205 293
897 334
898 122
899 438
305 439
747 424
861 12
628 440
900 22
778 393
497 423
901 441
476 439
902 442
899 424
903 149
894 261
904 283
905 417
401 122
305 439
894 443
293 444
906 22
872 41
850 41
903 71
389 116
772 293
864 356
907 445
908 446
903 31
709 41
104 115
909 116
910 228
884 11
911 292
911 293
134 433
671 439
771 447
912 448
655 449
913 450
771 424
914 41
447 116
558 165
400 165
222 165
915 228
916 234
914 11
261 293
269 331
864 356
917 445
851 447
20 451
918 452
121 23
400 41
919 116
180 268
920 11
921 402
741 433
922 447
923 453
311 226
924 454
925 455
923 456
187 29
926 35
830 188
244 354
625 283
927 293
528 293
928 447
401 457
881 424
929 424
930 12
931 458
389 116
932 338
741 369
933 459
655 402
934 445
935 460
936 461
937 383
938 462
939 207
940 76
941 292
942 293
943 380
944 393
395 451
945 451
946 451
947 463
531 207
948 44
799 188
884 293
949 334
884 356
305 439
583 464
395 465
950 45
951 190
952 315
953 433
954 451
413 464
40 464
955 466
879 12
956 188
884 283
957 277
244 122
958 467
923 468
959 469
910 470
960 173
961 41
268 76
733 135
962 371
963 277
964 315
965 402
134 433
289 464
963 471
966 471
530 29
967 29
968 110
389 116
877 203
674 245
526 371
969 105
970 11
971 293
972 396
136 433
968 469
832 472
470 71
86 352
973 111
86 111
447 116
628 116
974 120
269 165
975 188
976 188
977 272
978 292
20 292
625 292
979 287
205 293
980 433
981 433
400 433
982 473
983 474
138 475
984 476
872 41
985 477
294 181
986 478
364 439
985 479
987 272
479 369
946 451
988 480
479 480
975 188
989 245
440 292
624 408
205 433
415 433
271 433
18 451
990 481
971 67
416 149
900 149
991 293
992 474
993 474
994 482
995 483
996 484
245 29
997 22
998 188
999 237
1000 311
897 434
1001 464
1002 474
1003 424
1004 425
1005 29
1006 21
971 67
72 41
1007 41
447 116
1008 168
1009 228
1010 206
1011 272
1012 408
785 451
222 12
1010 121
1013 328
134 433
1014 433
551 464
685 425
1015 485
1016 23
269 41
1006 41
530 238
1017 69
228 156
1018 293
228 433
83 383
738 161
324 11
1019 293
1020 433
40 433
228 122
583 464
395 465
912 149
1021 293
773 433
850 433
942 486
1022 487
783 488
851 489
372 29
697 490
1017 120
134 69
398 188
375 266
15 11
907 292
1023 293
914 334
1024 491
1010 378
536 492
873 493
833 424
1025 424
851 475
1010 466
1026 345
1027 192
1028 116
1029 162
1010 168
9 188
1030 11
1031 11
821 292
625 293
873 392
1032 433
881 494
911 495
225 495
583 496
1033 424
1010 345
121 23
1027 24
971 41
476 41
235 41
1034 352
91 165
617 188
720 2
810 293
1035 383
1036 497
628 498
91 499
91 12
1037 220
1038 11
398 11
1039 433
948 495
1039 496
1040 498
1041 466
105 11
136 292
1042 277
946 451
674 500
1043 395
364 188
1044 223
1045 276
364 383
187 501
595 12
1046 425
961 41
381 188
637 223
1047 223
804 292
597 331
877 491
1048 433
1049 502
514 207
1050 109
1051 229
600 356
401 29
625 352
1052 335
717 261
1053 292
1054 311
1055 393
1056 433
1057 498
1058 12
1059 489
852 29
872 41
857 352
975 188
259 292
277 2
699 379
1060 402
1061 433
595 45
1062 149
554 272
907 292
1063 293
1064 356
873 446
741 503
674 504
907 505
1018 506
1065 58
884 188
910 416
1066 23
1067 41
341 239
518 507
991 11
1053 293
701 331
154 433
228 433
717 508
717 509
1068 510
852 45
1069 159
1070 393
210 433
364 504
1071 131
1072 29
1073 23
1055 511
1074 108
1075 223
1031 11
972 331
583 433
1076 465
428 497
832 512
136 29
121 23
33 23
1077 45
785 352
971 188
1078 11
1079 11
1080 451
267 226
1039 500
717 513
1081 513
174 514
1082 515
624 516
235 41
957 165
1083 188
1084 213
1084 257
1084 285
1084 312
1084 416
1085 433
1086 506
1087 517
948 21
1088 21
1084 216
872 41
1089 293
1090 331
1091 423
1092 513
136 65
1093 165
560 256
1094 272
1095 423
927 31
1096 1
912 180
960 229
1097 256
1096 293
975 423
134 474
751 512
1098 173
1096 30
664 362
1099 223
508 379
624 408
1100 433
1101 518
1102 383
534 406
1103 519
1104 520
1049 466
884 29
1105 94
799 188
1052 203
1106 257
1107 292
1108 292
311 331
972 331
953 433
785 451
83 383
1039 383
203 521
895 522
1002 523
1109 524
1010 525
1096 94
1110 110
1111 203
1112 292
305 433
305 439
762 451
134 500
1113 470
1111 221
487 526
965 527
1006 528
1114 29
770 229
965 206
706 263
395 283
861 283
739 11
1031 11
861 292
861 433
861 439
758 383
727 302
1049 529
105 329
1098 207
1115 112
1116 142
780 150
1115 356
1117 433
1118 433
1119 439
1039 383
366 530
929 207
1120 213
1121 250
636 255
821 454
1118 531
1121 532
1121 207
674 5
961 41
1122 292
1123 416
485 472
187 501
1124 525
1125 5
1126 41
1014 41
1127 188
1128 276
1129 306
1010 482
1130 533
1131 534
1132 385
73 23
1133 95
1123 279
1134 35
1123 257
1135 11
1136 11
549 292
1137 535
1138 536
683 207
375 5
1139 5
504 23
1140 135
617 188
714 11
1141 461
750 482
76 406
1142 537
1143 538
1143 538
1144 538
699 539
1002 540
1098 424
836 424
836 207
269 29
1145 41
266 42
1146 258
704 193
1045 276
76 393
245 501
895 541
214 542
704 543
881 424
866 29
1147 29
247 137
1148 272
1123 332
375 523
641 544
1065 137
884 165
924 188
441 11
680 331
1065 542
867 545
1149 546
884 23
1150 240
1082 162
554 272
224 482
434 526
1151 546
851 424
1003 489
1152 511
1153 137
1152 198
1154 218
739 11
1155 11
1108 292
1156 292
1124 482
1157 517
1157 281
1158 538
953 540
476 542
1159 547
1160 548
1153 12
1161 41
518 282
1162 66
1152 511
1031 87
911 149
1123 375
813 237
1163 295
624 408
895 408
758 383
1025 482
49 523
1164 549
1152 550
225 551
1010 552
1165 553
1162 305
415 41
708 347
1166 554
807 165
975 188
1107 292
829 408
946 451
699 482
746 482
1167 537
1168 542
228 542
1169 553
359 555
873 556
854 400
1170 23
1023 44
1171 162
1171 162
745 218
1172 557
1166 466
1173 558
1174 362
1147 44
1175 94
1176 14
1177 559
884 11
1178 331
592 540
1179 344
1180 102
924 188
1180 303
864 356
1181 472
1182 512
996 560
1075 29
1140 14
724 283
1183 11
1184 294
1185 331
764 561
1175 94
1177 368
1186 408
1187 562
953 563
38 115
1123 559
438 283
359 272
38 11
866 11
794 284
1157 225
315 553
1188 564
1189 565
866 65
1190 93
1092 215
971 165
617 188
1191 518
322 512
362 566
261 567
1192 568
1193 29
1194 41
417 112
1195 420
1195 490
1195 348
1195 569
805 331
1196 570
1179 571
1197 29
1198 111
769 111
1199 111
617 188
434 260
770 566
551 572
1200 572
929 466
595 12
1188 573
1201 573
1202 239
706 366
1175 344
947 574
535 575
1130 304
991 188
1112 292
993 499
1203 571
884 553
1204 556
1065 304
1205 576
1206 577
1207 463
177 12
1140 30
1208 67
500 578
741 503
224 539
699 539
1152 550
1209 579
1210 580
224 581
1049 581
1179 582
420 466
1211 583
647 193
1212 193
1213 250
739 11
1214 331
1215 514
1049 584
1216 585
1217 586
647 577
1218 29
625 352
1219 14
617 188
1150 325
1150 325
1220 501
1221 539
1065 572
1222 572
83 587
614 466
1223 173
428 573
881 573
1073 23
900 44
1224 408
1225 408
1226 451
504 383
770 527
1137 535
554 579
1227 274
1228 24
1229 41
1230 41
711 352
633 120
1231 76
1232 331
247 533
962 556
401 588
1233 425
647 362
1112 589
1234 255
1201 590
1234 207
961 30
961 41
1235 9
711 352
134 156
1083 188
134 193
797 11
1236 11
945 451
91 457
91 500
154 512
1237 221
1151 540
535 591
746 592
1006 207
231 29
821 23
154 362
134 9
1238 106
1239 76
1240 279
1241 193
1242 105
1243 276
1244 451
1221 482
840 523
764 539
939 593
617 594
1245 595
311 29
31 29
1246 23
745 7
1247 41
1248 9
1249 145
1249 149
1185 331
31 331
946 451
895 593
471 274
1250 596
31 597
1123 598
1251 599
231 12
1252 23
872 41
1253 41
1254 11
31 292
1255 274
910 600
180 601
311 602
1256 603
851 604
1257 463
797 32
1258 41
1259 145
1153 11
933 331
434 312
1260 393
1070 383
134 512
1261 605
1262 606
1262 607
1262 608
1263 413
305 609
1264 462
1265 475
1266 463
914 41
1267 41
1268 76
799 188
1240 341
1136 11
1136 11
1269 312
1270 610
1271 276
211 487
1272 611
1273 601
1274 31
1275 31
1276 41
1277 347
1278 159
1279 11
1280 11
1112 292
1281 331
1175 334
936 461
1277 527
787 545
1277 552
31 597
1282 601
1126 601
1283 424
31 612
1226 613
1277 614
1277 475
1284 615
286 1
739 11
180 616
1199 514
1285 617
1286 463
1285 558
1287 65
1248 9
134 149
1288 272
762 276
1289 276
1290 461
187 383
1291 616
504 572
491 424
1292 618
711 619
207 207
1293 466
1228 24
518 279
398 188
1294 272
632 482
1292 514
1295 189
400 620
1296 173
1297 621
866 29
121 23
1298 202
914 11
1299 276
388 523
1300 579
1301 594
911 622
1266 623
1302 624
1303 173
1304 29
121 23
894 282
1305 255
1049 255
1011 11
1131 408
1306 451
1305 481
315 523
31 597
446 625
1307 626
617 626
1308 158
1309 627
706 628
706 629
1310 630
1311 188
247 188
739 11
949 334
1311 356
332 631
1226 631
1183 631
1312 632
1313 633
1311 67
961 41
1314 94
624 162
1147 11
1315 11
1218 284
1314 302
1107 576
305 609
279 424
245 619
134 622
244 631
1312 631
375 631
931 629
923 634
1308 635
1316 636
1317 615
1314 637
1224 162
1318 559
1319 127
1320 291
946 451
1098 482
1293 482
840 523
799 582
1086 609
210 619
649 622
504 626
1301 638
624 463
805 29
1321 36
1322 41
1323 41
1324 42
617 188
498 239
1325 276
813 285
375 326
1326 570
1327 483
934 523
1179 582
1328 626
762 631
400 631
1029 463
797 11
1130 474
1130 582
1329 413
1330 639
1331 640
1332 641
266 352
1195 642
1195 643
1333 127
434 257
1334 272
1335 334
400 404
1044 383
807 501
1288 274
1336 634
400 636
1242 463
1337 272
633 272
1338 393
364 65
92 292
1183 331
1179 334
1339 383
1340 644
1310 630
1236 11
1183 404
1341 645
231 12
1342 14
1343 151
1098 153
1344 199
551 156
1343 157
1343 256
739 11
1112 292
1345 491
1346 646
1031 464
413 498
1347 344
1342 619
859 619
617 622
245 647
1075 626
1201 648
554 615
551 65
683 153
416 180
1348 193
764 200
1107 247
718 247
1349 262
1350 11
487 649
1351 355
1352 576
277 619
1152 634
1353 650
1354 650
420 121
1355 95
1195 651
141 72
1356 151
975 188
745 11
1249 646
1102 383
305 609
1309 627
1123 652
1242 653
1152 654
1207 463
237 24
1100 24
1242 162
1230 188
1357 11
1325 11
1358 11
1112 292
1112 292
555 280
518 649
745 646
1359 655
910 416
1098 446
1242 225
1012 574
1360 572
134 624
286 631
504 650
1242 656
783 657
1361 658
1112 659
1362 660
805 29
1327 362
1136 11
1363 11
1118 646
1228 344
711 619
586 658
364 661
1126 661
1364 662
739 11
1365 11
1366 324
1367 498
1327 543
1125 313
947 463
1068 510
1368 326
536 408
851 447
269 344
854 588
1369 619
136 624
245 626
746 663
1231 12
1370 664
746 345
1032 72
1371 72
934 180
1343 229
1372 11
1373 276
1374 451
935 566
1375 424
266 631
980 631
1335 313
1376 665
1098 666
1377 667
1314 668
1378 669
1049 561
286 22
1328 9
1379 88
1380 333
923 393
1381 416
1382 493
1312 626
881 667
1256 670
745 671
1383 121
1384 67
1379 44
1385 14
1386 272
1230 292
866 277
1152 393
655 402
134 433
851 667
1227 672
1387 673
1387 673
138 674
1388 675
832 136
1343 345
1389 23
22 44
998 188
1390 11
1391 11
1392 276
1393 491
1394 433
305 439
1395 483
770 527
1394 546
1394 546
1393 676
1396 615
805 29
1397 29
1398 160
1240 507
1187 272
567 433
1348 512
1029 677
1065 546
331 22
400 188
1183 11
443 292
1399 446
31 597
884 622
1400 622
1401 631
1310 630
849 630
1203 661
872 41
1402 146
1241 181
268 193
739 11
1403 646
1404 495
1405 579
1406 587
268 577
577 597
1407 622
1408 624
1317 631
375 631
961 41
1409 678
770 363
1410 331
1331 447
1411 498
1018 400
585 413
476 619
1301 630
1412 679
1413 680
1414 681
1094 682
553 682
705 463
294 385
428 347
428 347
592 187
1415 188
785 283
1416 272
711 451
1417 446
1418 512
1419 622
1420 630
1421 385
1422 683
1423 615
1424 490
1343 151
637 165
677 204
1425 507
1380 127
1325 272
1426 11
1232 331
914 433
1242 684
1403 633
693 685
693 686
22 22
622 22
1427 687
1223 345
971 30
1428 193
1429 272
1430 331
797 393
1409 402
1430 404
1409 481
866 344
1409 592
31 597
1409 424
1431 619
1409 639
1432 650
1409 666
1409 667
1409 475
1409 688
1380 684
1433 689
1409 466
851 690
1409 489
1409 345
1045 276
1434 630
1137 672
1223 691
739 11
924 11
1291 11
1023 293
1435 331
946 451
1397 29
491 692
86 112
86 112
1414 164
1417 200
926 512
1436 523
1437 344
615 577
1387 673
1438 684
1439 693
1440 693
1004 694
1441 695
1442 696
435 697
917 615
1443 22
1117 22
225 41
849 41
745 94
1444 490
1445 479
1445 642
1445 583
381 188
1446 193
914 433
1447 433
1117 433
438 588
1448 577
1174 413
745 624
1152 629
1449 698
1450 661
435 673
1201 475
942 633
870 699
1451 696
1137 700
1452 12
1049 489
921 489
1453 29
18 352
1454 14
1455 200
31 292
376 331
1137 579
1421 577
31 597
1456 424
18 631
1226 631
910 630
1455 701
1457 475
881 475
1309 633
31 702
1453 703
1458 704
1459 615
1240 282
1460 48
415 9
1461 94
739 11
1462 11
1463 512
1464 225
1464 677
1465 601
1389 631
1310 630
1466 630
1188 701
1467 313
1387 705
1387 673
1468 673
1118 633
1314 706
1387 707
1468 707
1468 708
1343 709
1469 130
1464 463
1470 463
1471 29
247 22
1472 362
1473 710
528 72
1065 58
1474 163
1475 262
971 11
1392 276
1226 631
1301 630
1100 313
895 680
1305 475
1375 475
134 711
624 712
1476 713
851 714
1477 715
1478 689
1479 29
121 23
842 1
842 218
1480 11
1481 408
1428 302
91 626
1481 716
1367 650
1010 666
1440 693
1482 704
592 711
1334 717
1308 718
1483 466
1484 719
842 31
1240 199
621 10
1083 188
1483 256
1485 272
1175 277
1486 433
1301 454
1300 579
1487 631
636 720
1488 345
1489 721
1490 18
739 11
1011 11
1090 11
1490 461
1481 517
1491 540
1295 619
1492 631
1012 716
1493 682
1494 633
1495 722
1496 723
1497 463
917 615
1481 724
1397 29
73 23
1445 477
269 165
998 188
1498 272
376 326
1499 324
1021 383
1180 725
1098 519
1436 523
245 189
1500 631
1501 650
420 667
1484 667
83 323
31 323
851 726
1502 727
1502 728
1503 1
1504 227
1391 11
31 292
1505 277
870 344
1506 619
1507 631
1508 698
438 698
1356 666
361 696
1509 726
1510 729
1511 730
1512 731
428 573
1188 573
1329 362
810 41
1112 292
1513 393
1130 433
721 383
1514 446
136 624
1515 631
1130 633
1331 726
244 728
745 732
1516 733
1516 734
1517 735
1518 432
1519 736
1520 690
1521 192
1522 321
1343 151
1523 283
1168 11
799 292
1065 277
1524 433
1525 451
182 451
1526 446
935 482
1527 517
1528 737
1529 577
1530 577
210 619
1466 624
1301 630
1531 699
1532 738
1533 463
1453 29
1483 345
797 41
592 120
1098 229
1534 498
1353 546
1535 598
1536 631
1537 650
1538 650
1298 739
1539 29
1540 202
1541 740
209 631
1542 631
1541 681
1301 735
586 741
1541 742
1543 743
1130 22
1541 744
266 352
1544 160
1545 188
919 11
1546 397
266 631
1547 650
1548 681
1353 735
553 432
1549 745
1259 746
1380 747
1511 748
1550 29
872 41
1551 477
1552 164
1542 187
1112 188
751 193
1553 272
1554 11
1090 331
22 334
1554 501
1555 523
1277 585
1556 577
337 703
1557 736
1552 749
836 750
536 751
1483 752
1558 753
1559 754
1531 615
1242 743
1560 687
1385 30
633 272
1561 11
1562 383
1285 522
1563 225
1564 572
1523 622
1565 631
632 685
1440 693
1566 726
1567 432
1568 752
1397 29
225 41
628 72
1569 187
924 188
1570 239
1571 227
554 272
1572 370
1573 408
946 451
1572 483
1389 523
1574 579
1575 693
1576 696
1577 728
245 755
305 755
1578 756
1579 757
1580 29
1581 758
1556 35
1480 11
1582 441
1583 608
1457 759
1584 757
1183 29
739 11
1585 11
1586 631
1587 466
1453 72
1588 631
880 650
1537 650
1589 650
1590 684
1591 699
1592 757
729 451
45 461
1593 577
1588 631
1562 631
1251 705
1594 760
1251 681
1531 699
1567 717
1094 759
359 761
1595 762
1502 763
1309 764
1593 683
1596 29
575 758
1597 117
1232 283
230 11
237 334
1598 655
495 433
1050 464
1025 482
621 512
1599 512
1600 522
1601 572
1300 579
1137 274
1599 577
1498 432
1602 765
1242 558
514 664
1529 167
1163 167
1603 23
1601 7
1133 229
739 11
1604 2
476 433
799 323
1605 323
1581 766
829 767
1606 767
1597 731
1531 669
286 29
1607 95
453 72
187 188
566 2
1569 2
45 461
1375 482
1603 501
1608 740
1590 522
1607 608
1498 700
1609 323
849 323
1510 768
1610 769
1607 766
1611 770
1612 689
31 771
1613 757
1614 466
1112 188
1615 482
311 641
1184 262
1554 292
1616 313
1617 22
1618 772
368 11
368 404
1619 616
1201 475
368 65
1620 773
1621 145
383 180
555 237
1123 237
1622 193
1288 272
1247 11
1623 649
1388 393
1562 461
1622 512
1622 577
1123 625
1102 650
1624 666
1625 771
1123 774
1259 775
1533 776
1021 777
9 12
1626 615
1259 778
1247 41
1627 41
1628 41
851 779
1629 1
1346 1
947 780
1630 86
965 145
1629 113
1622 117
704 133
1631 133
1632 283
1289 276
1460 292
1112 292
1629 2
434 649
1630 370
1633 441
220 451
1634 725
1469 483
1634 512
965 566
924 650
1103 663
1150 735
1607 768
220 781
1371 782
134 782
1635 783
1004 784
1636 785
881 786
1637 787
1614 788
1629 29
1629 7
1638 65
1629 65
579 41
1639 789
1640 58
1640 149
134 2
1641 393
1642 408
1643 433
1644 461
1640 474
636 493
842 521
1645 274
1629 619
470 622
136 624
1537 650
1646 682
1465 696
1309 790
895 783
1647 783
851 791
1648 599
1649 12
600 615
1650 121
1640 31
1025 792
898 1
1453 72
745 89
551 58
714 11
1554 11
1070 317
1651 793
83 631
1320 715
1652 432
1652 761
1653 771
134 787
1583 599
1375 794
787 795
31 796
1625 797
1654 798
1640 799
965 121
872 41
575 41
1655 41
1656 117
1078 11
1657 11
1658 482
1504 483
647 512
376 630
1002 782
1659 784
1653 796
1602 800
1380 373
585 362
595 41
269 331
1660 393
1049 424
577 631
1098 801
1375 709
1661 771
1662 802
1663 803
1664 804
1614 345
235 41
1616 352
739 11
1665 11
1666 294
228 122
1667 624
1201 667
554 700
1549 730
1309 787
1668 803
1669 805
1670 806
1176 131
923 807
1453 72
816 277
674 293
309 294
528 433
1145 383
245 501
1671 579
205 609
1588 631
1562 631
1672 632
1057 632
1673 808
1458 704
1674 463
1662 802
1242 809
931 810
1675 811
1676 812
816 15
1627 41
1677 102
1630 102
739 11
919 11
1678 11
931 393
1679 393
1680 417
180 433
709 439
1681 383
1677 483
1682 523
1683 579
1191 274
1666 613
385 631
1137 682
1684 711
701 781
1642 463
359 813
1685 814
1543 757
1553 615
1459 615
1365 29
500 815
1211 816
1685 200
1686 294
669 294
1390 433
1316 439
758 383
796 501
134 817
1687 523
1685 556
1478 619
1179 323
895 463
1533 463
1606 818
1013 819
921 820
1688 821
817 822
1689 823
579 41
1630 159
1498 228
799 188
1690 202
633 272
1672 277
1691 649
372 309
1692 322
1693 334
714 334
1543 408
785 461
375 817
1685 556
504 630
1692 666
1694 745
1629 781
1695 781
1696 805
1697 820
1685 824
1698 510
370 825
1310 826
1699 827
1562 16
1523 29
372 792
1310 118
564 352
1094 228
1685 265
1585 11
1520 309
1700 467
622 542
908 630
924 650
1683 682
750 475
1440 693
612 828
1701 829
1559 12
1702 516
1703 277
946 451
1306 451
1704 451
40 624
446 652
1705 830
1531 802
1676 812
1455 831
1070 832
1703 23
961 41
1646 451
1706 830
1247 830
1588 832
1629 137
1707 133
1308 833
1707 35
1707 227
1666 283
438 283
1707 295
895 408
737 429
1708 439
1709 451
518 513
269 344
1710 592
1707 413
1711 413
1308 424
1712 624
1666 698
479 781
1666 832
1713 834
1714 12
1508 748
1629 23
1629 44
1715 118
1716 1
1629 66
1629 109
1629 182
1629 187
1717 193
1718 283
1553 272
1691 372
1719 331
1720 429
1673 433
1562 451
1436 523
1721 274
789 592
789 592
1710 592
1722 592
965 424
914 613
1604 698
1575 693
1013 755
1723 805
1724 827
1604 832
1725 835
1629 16
1726 16
1727 724
1629 42
1728 61
1729 193
739 11
1730 461
1394 546
1731 274
1350 631
1301 630
33 650
1732 668
1721 432
1733 771
1636 785
1662 805
1734 834
915 836
923 837
1728 30
1735 41
600 41
1736 838
750 424
1737 424
134 613
229 613
1738 619
136 624
1284 802
1498 803
895 809
1497 809
1739 839
1562 840
1029 841
1740 757
109 12
971 12
792 12
600 615
1617 16
1741 29
1742 23
792 67
1617 65
1743 41
1744 41
1380 102
1380 117
1745 120
315 160
1083 188
677 11
1746 372
182 451
1747 566
1227 274
1748 640
1749 650
1314 706
1380 130
1348 762
1750 797
1721 800
1604 832
1751 842
1741 29
1752 758
228 119
383 180
797 11
947 408
1753 424
1646 158
1754 631
1531 699
1041 843
1755 425
1756 345
1757 347
1758 119
1757 379
871 429
279 274
1562 631
1125 313
1759 805
849 832
1760 844
1581 845
1761 846
1757 173
1762 847
1763 119
1764 490
438 283
1288 272
624 408
1242 408
829 408
1765 512
1766 624
1624 666
1462 696
1767 756
479 781
328 781
1768 796
1413 848
921 849
1769 850
1516 385
1770 757
1292 29
520 87
1757 833
1757 202
1344 280
1771 640
366 698
1772 802
953 832
1344 851
1553 615
1471 29
1773 773
1774 187
247 188
739 11
1078 11
966 11
1305 482
1775 579
1102 650
1775 805
1013 852
1776 853
1777 854
1309 855
783 856
1778 847
659 857
1629 165
1779 2
1743 433
1582 441
1780 451
907 505
1781 577
136 624
573 630
1782 650
1783 699
1784 136
1531 802
1082 858
1710 859
947 860
1785 29
31 23
934 124
1786 321
1787 35
1629 187
1788 265
1789 429
1571 483
1763 505
1763 622
1790 631
1783 699
924 861
1334 717
348 736
1703 755
1662 802
1775 803
1073 23
1791 862
1617 352
1792 162
1720 429
1793 433
1604 542
1617 546
1794 630
1779 787
1795 803
1587 811
1242 848
539 849
1796 863
1290 864
1797 865
1798 866
1799 12
1587 489
1800 21
1801 44
1802 102
1803 10
1804 195
1804 593
136 867
1705 830
554 803
1805 868
1805 869
1805 870
908 29
1806 41
1807 180
1808 188
1063 188
1051 229
1611 203
865 331
1809 416
1436 523
520 546
1763 613
1246 313
632 871
990 872
1810 873
1611 874
1684 875
1811 275
1812 362
1436 42
1029 780
1813 128
104 169
1735 11
1242 408
1814 439
946 451
1815 521
1816 512
229 631
1029 656
1817 657
1818 705
1819 666
1790 704
1820 802
370 876
1329 822
1821 877
1284 275
1822 878
1823 879
1824 880
1499 881
311 23
1825 94
1826 76
1181 128
1827 151
1749 283
739 11
1828 11
1825 11
1448 370
1829 408
1830 464
1831 817
1832 542
1223 592
347 650
514 824
167 875
1312 875
870 882
1833 883
1834 884
1835 885
1835 886
1835 887
1314 120
914 76
1836 227
1788 265
1837 577
1692 604
921 424
1838 424
711 619
1839 728
1840 796
1690 824
1722 824
1763 832
1841 848
1763 855
1498 275
917 275
1721 275
1531 275
717 883
1842 888
1843 889
717 890
717 891
1844 814
376 29
1835 892
717 893
1845 156
1846 156
717 244
759 11
434 280
1365 331
1847 370
1846 433
1681 383
1389 523
1848 546
910 630
717 652
420 667
717 741
1730 781
1849 275
1820 889
612 894
1710 895
971 12
415 29
1247 41
1604 41
985 838
1850 272
22 334
1664 781
810 275
778 896
1113 272
871 429
1851 622
1852 796
1853 275
1257 897
1673 898
1854 188
1236 11
1835 11
1300 579
1855 667
1856 706
1123 890
1123 891
1857 238
1858 292
1859 546
1860 593
1301 630
1861 313
1862 727
1721 800
1863 802
220 899
1863 882
1619 900
1813 772
1553 901
1864 135
1807 180
1629 187
764 200
1567 272
1865 11
1309 429
228 433
1866 451
1867 475
1056 735
669 735
1868 373
1842 888
65 902
1559 900
1864 683
1242 903
1579 757
1869 904
1870 41
1073 11
1027 334
1269 312
1871 393
331 433
1832 501
1872 546
136 546
1873 619
1790 631
1874 635
1533 463
1874 783
506 796
1875 905
1137 906
1876 907
1073 23
1877 908
1877 909
1218 188
1878 11
1879 277
1641 393
1286 408
1880 433
1832 619
205 630
1629 727
745 755
1350 781
1531 800
1421 822
339 832
633 882
1881 888
1604 888
1882 757
1883 466
1629 910
1763 67
1639 911
1884 251
1459 272
1885 11
1327 483
1886 611
1887 630
1888 686
415 912
1889 728
1890 853
1825 902
1581 913
1871 456
1013 914
1891 193
1891 227
739 11
1588 292
1281 292
1892 451
1893 915
1604 542
1666 313
1192 667
428 686
647 827
1604 832
9 888
1312 902
1894 916
947 917
1727 918
322 919
197 558
947 558
871 31
851 920
1587 920
86 352
1895 202
1783 272
1896 272
1897 11
625 292
1898 451
1555 523
315 546
1899 577
1900 631
1334 717
783 463
1901 463
1902 881
1636 921
1516 918
1734 922
1903 923
1845 29
1904 924
1905 925
1123 507
1906 265
1391 11
121 11
1907 11
1908 11
222 619
1909 158
1604 630
1375 475
1910 777
134 926
1242 918
1817 918
1549 927
1911 928
971 346
564 113
666 76
1814 188
1912 188
1913 218
1914 272
1845 334
22 404
1912 624
689 475
1915 912
1916 718
1562 781
1531 802
1917 510
1677 829
442 888
1918 921
1183 902
1919 929
706 930
1920 931
1516 932
1516 933
1516 934
1218 29
121 23
1912 23
1912 41
1697 772
1921 58
1922 180
1923 559
1691 298
1098 265
1604 292
1924 331
898 334
395 451
794 451
1909 454
1925 446
1926 475
1927 686
1928 777
1044 796
832 884
1929 935
1044 936
1926 937
1477 938
1930 669
1931 31
73 23
187 188
739 11
1240 312
1051 424
1117 631
315 630
1784 884
1876 907
167 935
1932 939
1832 23
1286 940
1230 188
92 292
200 292
1177 291
698 508
1928 650
1933 784
1934 822
1223 871
1834 884
1890 897
872 41
647 295
1409 701
1935 653
1871 941
1409 814
1778 942
1590 943
1409 944
1409 945
1936 5
907 67
1409 920
1937 920
1587 920
1938 946
1939 149
1326 279
1940 363
1941 501
1942 784
625 796
1719 888
1842 888
1943 889
1269 894
1075 947
1944 948
1587 489
244 589
247 188
1372 227
946 451
1443 711
870 802
915 836
1421 385
134 949
1945 669
211 950
1731 951
914 952
1666 953
1683 954
233 955
947 956
783 957
452 17
1946 489
1629 7
849 41
1027 477
1947 958
632 959
633 272
1891 295
1763 521
1948 424
1522 707
1553 882
1949 916
1950 954
1951 960
1727 961
1223 962
210 963
1952 964
1953 965
1331 489
1813 240
1195 966
1954 967
1421 227
1955 272
1011 11
966 11
1956 291
1957 331
625 451
1958 926
1876 952
1959 956
1960 968
794 969
921 970
1587 971
1961 31
1312 31
1604 41
1388 458
1962 139
628 310
628 454
596 622
1963 913
1964 938
395 972
1483 973
40 61
1918 272
1634 731
1731 615
1965 615
1190 168
1703 622
965 640
1703 952
910 954
1572 167
1693 109
1807 180
1629 187
438 283
1516 408
228 122
1855 424
564 619
1966 667
764 475
706 974
1443 735
805 755
1967 275
1968 926
1960 913
244 952
624 956
1960 975
1969 976
1516 977
112 17
1970 29
121 23
872 41
1516 940
1832 58
998 188
1716 11
1306 451
1971 483
1436 523
1645 275
1645 882
1832 907
1820 954
1909 978
1354 979
1972 12
90 12
1973 980
1380 41
875 11
840 404
1974 483
1974 577
1685 424
1629 630
1872 912
315 855
947 981
1703 16
1975 16
1090 23
1813 772
1976 133
1914 272
1713 292
1977 650
1978 475
1594 783
1783 802
1979 882
1880 954
829 956
395 972
1980 978
1594 558
1981 982
1978 983
1982 984
1301 985
1979 615
1861 29
1029 778
1051 229
928 447
936 461
1983 383
1498 579
1838 424
596 622
785 722
1231 781
1664 781
1496 463
1723 836
1804 848
1984 814
705 918
1890 918
914 952
790 952
1515 972
536 981
1804 981
1985 986
1223 987
233 988
1137 989
1531 615
1986 29
1073 23
965 363
739 11
1987 650
289 990
1183 991
1988 991
102 440
1703 41
315 326
1989 622
1103 466
1627 41
1990 41
1991 53
1992 11
1993 292
1835 331
305 334
1994 631
810 717
1625 781
1137 800
1701 829
1995 829
1690 466
1996 918
1997 956
1309 979
1542 992
1258 993
452 17
1998 17
438 41
961 41
1697 772
1444 994
1877 958
247 11
1999 11
107 331
2000 331
1204 446
1630 512
1375 709
1395 822
886 953
1950 954
1959 956
289 990
1242 995
1218 996
2001 997
2002 67
2003 128
1832 283
1391 11
2004 370
1913 546
1832 624
332 698
625 781
2005 822
1531 836
851 939
220 991
1312 998
49 17
269 29
1912 23
1913 94
1630 370
2006 391
2006 550
1853 274
1050 619
1723 882
2007 884
870 906
1245 939
2008 939
1498 954
1297 999
1477 1000
2008 1001
1713 5
712 7
235 41
778 1002
1832 346
799 188
1461 127
2009 251
2010 363
438 283
2011 292
1269 280
717 280
2012 501
1624 519
457 539
224 539
1542 624
1690 648
1575 693
245 781
612 866
1690 939
2013 947
2012 953
2014 976
31 1003
1666 1004
2015 1005
1802 362
2016 41
1445 1006
2017 139
739 11
769 11
1281 292
2018 577
741 620
1666 952
2019 1007
741 1008
1703 29
741 1009
1971 362
1763 32
1773 772
1773 1010
2020 227
1703 404
1720 429
1892 451
2021 452
1223 566
2021 648
805 755
1300 813
2022 919
2023 938
1125 1011
1734 1012
841 1013
2021 121
1376 758
1241 125
1372 139
971 193
804 11
1665 331
1832 624
625 631
1887 630
2015 650
1960 697
596 735
245 777
1472 829
359 882
1874 918
1359 938
479 939
1246 952
1683 954
210 1011
1625 1003
851 1014
624 1015
1530 1016
612 1017
2024 1018
112 17
1815 61
2025 11
894 513
1664 631
1377 667
1832 727
1377 939
1587 939
2026 953
1502 1019
1502 991
1790 1020
1702 1021
2027 41
926 35
1011 11
1585 11
2028 11
2029 912
610 711
2030 755
1604 888
1790 997
73 23
1448 362
1832 589
187 11
919 11
149 577
1472 577
1455 424
210 619
865 711
1783 802
1531 275
2031 882
1309 985
1309 991
1666 1003
244 1003
1629 1003
1562 1022
135 997
1256 1023
2032 291
305 334
182 451
1832 540
245 631
2033 822
2034 902
2035 1003
2000 997
2036 1024
1751 1025
923 1026
2037 1027
965 664
2038 1028
2039 1029
1483 1030
1530 117
2040 11
2009 416
2041 681
228 912
1145 902
858 952
289 990
1684 1012
2042 1022
1184 1031
1971 167
277 589
1177 649
965 397
1605 587
2043 650
1668 275
2044 952
438 952
858 1032
1715 1033
2045 589
2046 110
503 188
1288 272
1136 11
1832 310
1201 648
476 711
1543 956
2019 1007
1411 997
1013 1034
794 1035
689 1036
134 9
1832 132
1572 35
739 11
1666 587
2047 587
1634 413
1642 463
850 802
1642 918
2048 939
134 952
1832 980
1617 1003
1288 1037
1301 1038
2049 121
101 631
315 630
1723 802
1249 852
2050 991
2015 1005
2051 1039
1000 1039
1735 997
1763 1032
1617 32
361 41
1729 135
727 35
1754 127
324 11
698 1040
1709 451
1832 464
1729 483
1469 512
1070 540
1516 681
1832 830
2052 735
910 954
1469 955
1490 1012
785 1003
1928 1003
2011 1032
2053 1041
917 615
235 124
1056 735
1997 463
1968 1042
31 331
1536 631
1305 939
1666 991
2054 1003
1666 1032
624 1043
1617 305
1201 920
1835 331
2055 550
31 888
1125 1011
1411 997
2056 173
2057 1044
1561 11
966 11
1529 303
1634 303
1240 649
2037 416
515 631
1452 899
1832 832
395 972
1666 1011
233 988
844 1031
1682 1032
121 23
1958 23
2058 58
714 11
2059 274
1354 650
1498 803
1950 275
1832 926
1459 954
552 980
177 1003
245 997
1137 1037
457 1045
1029 1046
2034 1047
1969 1048
1377 1049
1123 232
1247 433
1479 546
1775 274
924 997
1832 1038
1331 1049
294 1050
1701 1050
1947 1051
1083 188
2037 341
229 331
305 334
1231 451
1449 383
470 542
235 158
1354 979
554 1037
1496 1046
1469 1050
1123 1052
2060 96
844 1053
1326 1054
112 17
2061 29
366 41
420 920
527 11
1112 292
2062 331
2063 619
52 631
1301 630
2064 861
2065 871
1065 980
2062 998
1832 1003
1763 1032
1731 1033
226 1050
1312 1055
2066 1055
31 1056
2067 1057
2068 17
1281 23
1530 362
1743 41
451 41
2069 238
2070 35
2071 429
426 802
2072 832
1604 1032
1443 1032
701 1056
2073 1058
1666 1059
2074 41
2075 1002
228 122
1122 630
910 1007
1233 1007
531 1030
2076 1037
2077 1060
1703 16
2078 1061
965 1062
2079 30
2080 14
744 35
2081 35
739 11
741 503
2082 631
1103 685
625 693
1965 802
1375 466
2083 1063
438 1011
1218 1003
415 1004
1835 1022
624 1015
278 1026
2084 1050
1960 1064
2085 1065
2086 1066
2086 992
2087 1067
438 17
1970 29
2088 167
2082 41
2089 117
2090 279
1629 187
1629 187
998 188
2091 268
2092 127
2079 447
2062 498
2093 501
1531 802
2094 949
1832 1035
790 1035
2095 1068
177 1068
31 1069
527 17
2079 345
1641 1002
2096 66
1859 72
1699 181
612 368
506 461
1859 546
2036 622
849 630
2097 662
2098 707
2099 727
2100 781
624 918
624 918
2062 947
503 1003
2037 1017
1746 1017
1684 305
2086 305
1972 1055
1187 615
2077 1060
1684 992
1353 1068
375 1068
2101 1070
366 1071
1859 1072
1301 1042
1241 181
2092 127
2102 283
2103 272
2104 370
2023 655
1137 535
2105 539
1594 593
2106 631
1110 722
244 1055
375 1057
1617 1068
1094 436
1721 1073
1629 29
1735 29
2107 1074
2108 41
2109 292
305 334
2110 539
1937 424
136 624
2111 630
1364 662
1559 777
1723 802
874 890
1038 954
2037 976
2112 1026
1021 1031
2113 1057
426 615
2078 1061
134 1071
2086 1075
2114 1076
685 1077
2115 1078
1483 1079
2109 41
1960 758
1103 692
727 35
769 11
1070 292
2116 334
2117 370
2118 550
1743 624
2119 1080
2120 871
1090 888
2121 953
1842 979
289 990
518 1017
1685 1081
2122 17
2123 22
2123 44
872 41
2124 41
2103 346
2125 14
1787 35
364 188
2123 277
2126 806
2126 843
2127 997
2125 1034
2077 1060
2128 1082
2126 345
1183 188
1175 127
2129 463
531 939
1377 939
914 952
438 952
438 1011
31 991
31 991
2130 1003
31 1003
370 1083
1187 1083
596 748
2131 1084
650 1085
2086 1042
2132 41
2133 920
1499 66
2134 1086
2134 1087
2134 1088
1832 87
2086 187
2135 188
1659 203
797 11
1703 313
2136 736
1452 781
1977 888
2137 466
244 1011
802 1032
441 1032
2138 1032
1220 1034
395 1071
1832 1089
1455 1090
2127 1091
370 1092
1056 1093
2099 29
2089 167
2139 167
268 144
268 144
2137 265
739 11
2140 393
2141 447
866 504
527 631
2142 630
136 912
2143 954
2144 1014
1959 1094
1615 1095
1320 1054
1102 1057
1312 1071
2145 1096
2146 1097
1874 1098
2147 1099
1617 17
527 23
2148 1100
1247 41
2149 80
1913 14
2150 58
426 272
1112 292
244 630
2151 373
2152 882
2153 956
1201 1014
1959 1094
971 1032
1763 1072
1833 1101
1502 1102
2120 1103
2154 1103
2150 29
1905 994
2022 133
2126 250
2155 11
2037 312
2156 631
2157 783
2158 873
231 888
1691 894
49 986
870 1083
2002 1032
2159 1037
1604 1068
438 1084
1790 1104
2114 1105
2160 7
1832 44
1432 41
2098 847
1554 11
2161 293
2162 429
244 763
2163 840
1664 1022
770 1081
943 1106
2164 1107
2165 440
530 238
2017 139
1435 11
1987 11
1118 189
2166 633
2118 1026
2167 41
2082 11
2058 546
2130 832
1218 1011
2168 1046
551 1055
1629 1108
1218 1109
1960 1110
917 1111
2062 124
2169 124
2125 113
1281 292
625 631
1832 630
1723 803
2170 822
1946 882
1218 1012
1723 1083
2115 1018
926 1111
2083 1111
91 1112
778 1113
2171 31
2172 72
647 133
1011 11
2173 11
376 292
2174 334
1971 483
647 822
1731 882
278 1026
2119 1054
1763 1112
596 1114
2175 1115
965 1078
1754 41
1690 692
2176 18
1956 291
1549 383
2177 498
741 503
2110 539
1062 728
647 136
1300 882
2178 952
705 1094
2153 1094
832 1111
2172 1116
874 1117
2179 1118
2180 1119
2180 870
2181 292
2027 292
628 310
805 331
1743 624
2111 630
1960 599
1719 1012
923 1026
2182 1037
134 992
1455 1090
2038 1102
1553 1120
1455 1121
624 1122
1832 1123
2183 1123
2184 1124
628 440
33 23
624 940
2185 86
1122 188
2019 203
2147 261
2186 11
2037 1040
1064 331
832 370
1404 711
134 782
2187 836
2188 840
2189 385
810 882
1842 888
1604 1011
701 1003
1377 1049
2037 1052
2077 1060
1859 1061
376 1091
2190 1098
2139 1125
49 1123
2191 1126
2192 1127
1804 1128
1094 1129
112 17
551 31
226 167
2193 162
244 188
2167 203
1359 213
2194 370
2081 130
2195 782
2196 4
895 956
2197 956
2002 1011
1909 978
2196 16
2198 16
244 1102
1832 1112
1629 1112
2089 1130
1354 1131
2196 1132
2199 1133
2200 1134
2201 1135
2202 1136
1970 29
452 23
711 23
596 1137
2115 692
2203 268
1095 266
2097 283
2204 11
2097 294
1218 310
1325 331
1070 540
712 582
2205 577
628 620
2150 781
926 822
2133 939
1969 1054
701 1084
457 1090
923 1138
136 1139
647 1140
628 1141
1065 137
717 251
966 11
400 11
717 358
874 570
1065 383
1656 577
1065 832
717 851
717 894
2206 1016
278 1057
678 1057
2110 1090
717 1117
2139 1140
717 1142
1477 1143
2189 362
2206 362
872 41
1617 11
2207 331
946 451
1571 512
1147 797
2208 1144
2062 124
2209 1145
2210 227
923 550
268 577
2211 607
2211 749
1531 882
231 888
1187 1083
1832 1072
2038 1072
2212 1090
2198 1112
2213 1146
2214 1147
931 1136
2215 1148
2216 1149
2217 1150
2218 1151
1246 23
269 65
2172 1152
2211 744
1320 1153
2219 1154
799 188
2220 294
2221 915
2222 577
497 631
1316 636
1730 722
1231 781
2195 782
2223 913
2224 954
1218 1011
1719 979
1832 992
783 1097
2037 1142
851 621
2058 1155
2225 1156
2226 1150
1218 29
2227 362
247 159
832 193
2228 250
2229 11
2230 294
2231 483
822 221
1604 631
49 782
2232 1012
2019 1007
1138 1094
1682 1032
1838 1049
1723 615
2233 1068
881 1090
1123 1117
2234 1157
395 993
2235 1158
2236 1159
1952 1160
2237 17
2238 1079
2219 994
2137 202
1288 272
2239 915
872 624
166 631
2037 851
924 888
1832 952
1946 1083
2240 1148
1577 1161
2241 1162
2242 690
587 1163
2204 1164
1531 1152
2243 692
2244 1165
2245 1166
1976 193
1976 483
2246 424
2247 158
911 650
910 882
1167 882
2248 952
1469 955
2249 1061
134 1072
506 1167
911 1152
2250 188
554 272
2251 465
1408 546
1715 567
1459 882
917 882
1629 1123
1118 41
2252 14
2253 76
64 292
880 650
9 781
1987 888
1879 471
1316 1009
1813 1165
2254 76
2027 139
1164 193
2255 11
2207 331
1832 613
989 613
701 952
557 1083
2256 1057
705 1098
2257 1112
2258 1142
2259 1168
1004 1169
2238 1170
2062 124
520 87
298 102
965 959
438 283
1136 11
2260 505
854 505
1052 221
2105 539
2261 567
1547 567
1763 567
2262 577
2263 624
228 711
1325 722
2264 913
2265 931
1666 952
1129 1094
1375 1030
2115 1030
2266 1159
2267 1160
690 1171
965 1172
2268 29
2269 102
226 35
2124 272
2270 300
2271 331
182 451
924 650
18 781
2272 956
2273 979
1452 1057
1722 1173
783 1174
2274 1175
1542 17
2275 23
1697 1176
1697 1177
1873 331
1763 464
2037 508
2032 508
1966 539
2276 577
1617 619
2277 622
249 624
2278 624
2279 624
1832 832
2280 832
1317 952
1531 1083
2281 1072
2282 1107
2283 1178
1689 1179
1259 1180
1394 1181
971 17
2082 17
1228 22
2062 124
235 41
1175 120
847 477
847 994
1175 159
1854 188
2204 331
2284 343
2082 383
2255 631
2285 630
785 781
2286 463
1719 888
895 956
1063 979
1187 1083
2287 1057
2078 1061
2288 1090
2289 1090
2290 1099
2286 1182
1359 1183
2291 1181
1004 1184
652 1185
2292 1186
1301 1042
1617 23
2287 23
2204 65
2293 88
769 11
2294 331
2071 429
2126 566
1531 717
674 852
2295 976
278 1026
123 1033
2296 1055
2284 1187
1047 29
872 41
711 188
1281 292
2181 631
1183 630
294 385
2054 11
2297 11
2062 383
2298 546
2204 413
870 624
2299 630
2300 641
2301 782
600 802
2302 882
854 952
413 979
2130 1057
2303 1060
91 1112
1809 1183
1196 1183
2304 1188
2242 1189
2304 1190
2305 1191
223 1192
706 1193
112 17
2195 1009
1832 41
1832 41
177 41
2086 106
2209 1145
2089 35
2306 424
2307 189
2308 631
610 711
2309 463
49 782
1965 906
332 952
2310 1083
2124 1083
234 1108
2311 1194
1223 1195
1158 17
1193 29
2312 11
2313 11
2314 11
2315 295
2084 483
2205 413
2316 619
2317 711
1294 803
2315 822
446 976
612 976
487 976
1747 1196
112 1197
2220 1198
2279 23
849 41
2245 994
2318 35
2319 227
2320 272
2321 11
2283 11
244 292
305 334
2322 543
2323 577
2324 624
2316 755
2320 805
2323 822
1530 822
557 882
836 814
1790 953
2089 955
2325 1005
2326 25
2327 1060
2307 1077
2195 1168
1604 993
2328 1199
2220 1198
2329 1200
2330 1201
1029 1202
1314 17
2324 17
2307 660
2307 660
2307 660
2331 904
2195 41
2332 198
926 133
2333 292
1231 294
680 331
123 331
2330 221
2334 550
2205 577
245 631
971 631
2263 630
2320 882
426 1083
2335 615
1380 1111
833 1148
2120 1173
2119 1203
2336 1204
1265 1205
701 1206
1684 1207
123 22
2337 120
1444 490
2319 133
438 283
1723 272
1435 292
2338 331
2339 393
1960 781
2340 802
2318 829
1300 1083
2341 1030
2181 29
2342 41
2075 1208
2343 18
2344 272
804 11
2345 546
2063 619
530 631
2346 979
2344 615
1187 436
1562 1059
1649 1198
1179 471
2330 240
268 144
268 144
2211 164
2347 164
1854 188
91 310
2330 370
187 619
269 189
667 189
2348 666
2349 717
2350 755
328 781
2007 1063
1020 1197
2220 1198
2062 1209
2211 1210
2351 1211
1731 1212
2330 31
2352 1213
134 35
2353 266
625 294
1832 310
134 333
2139 370
2354 383
2319 512
2355 530
2133 592
2111 630
1987 650
2238 794
2356 802
2015 1005
2357 1005
1004 1007
1187 1083
1359 1179
134 1197
2349 1214
2320 1211
1723 1211
2358 1079
2359 687
180 1009
907 67
1773 1215
242 111
2245 1216
1674 35
741 503
2360 613
2361 630
2287 630
167 722
2362 832
2363 952
167 953
2364 976
2365 1217
841 1156
2366 1210
2367 1218
2264 1219
2368 1220
1625 17
872 41
2264 789
621 35
1716 331
2318 333
2369 1221
2370 577
2263 624
2371 631
647 683
842 1222
2336 1223
2350 1224
123 23
1522 1225
2245 490
549 188
1011 11
527 11
2372 292
669 310
527 331
1641 393
1968 429
2373 613
2374 630
136 832
289 990
1593 1016
1331 1049
457 1090
1629 1112
2375 1168
1809 1179
2220 1198
2376 1226
1838 1227
2238 1227
1522 1228
2377 17
1522 1229
1703 41
961 41
2378 915
2037 598
2379 622
2130 650
637 1057
2311 1183
741 1230
1118 1141
1469 362
667 41
2380 11
2380 331
2381 539
2382 556
1838 556
2170 577
33 650
2383 432
2383 889
1179 471
2384 1223
2385 1231
1125 1232
2386 1233
2387 511
2388 128
1816 133
1594 162
2388 193
2312 11
770 539
2389 577
2390 1234
1183 613
2314 613
49 624
1507 631
470 782
2261 888
2088 1016
2320 1083
741 748
2090 1235
244 1218
1594 1236
2289 1237
1502 1238
2391 1150
2245 1239
2219 1216
2390 1240
2392 127
919 11
1447 11
1842 11
2027 292
2377 310
2391 343
2130 782
2393 800
1979 882
1317 952
2394 979
2325 1005
536 1094
2395 1016
1187 1083
1979 1083
2396 1024
2397 1055
1800 1072
573 1206
923 1241
2398 1242
628 1243
1496 1244
2119 1245
1175 29
2242 687
2399 23
2323 362
2384 188
711 188
2314 11
2207 331
842 334
2400 725
2401 540
2402 673
2331 781
2076 800
1614 814
2037 976
2220 1198
2403 1223
1763 1224
2350 1220
787 1246
2404 17
1529 35
2016 186
1155 11
1447 11
244 461
2279 546
2405 577
2406 882
2407 972
2408 972
1218 1003
1158 1005
2409 1072
2410 1179
1703 29
225 41
177 41
2237 11
1031 310
680 331
1720 429
2411 383
2318 512
135 613
2356 802
1663 803
551 832
2320 882
2412 931
1995 1016
2413 1026
2414 1057
1553 615
2415 1247
2416 1075
2243 1090
2390 1117
2417 1148
1684 1207
1832 1224
1359 1245
2418 1220
1502 1248
2417 1249
2333 1250
561 1251
1004 1252
1617 1009
375 1009
2419 65
2420 11
45 276
1604 310
305 334
2421 782
279 802
2187 836
910 954
1666 1075
2418 1224
2422 1253
200 292
842 464
1070 613
2423 633
2424 1168
2367 1218
762 1254
2425 1255
701 212
1773 1176
2426 14
2027 292
2285 630
1331 667
689 726
1231 781
2427 931
2350 998
624 1094
1640 1057
2428 1057
1960 1256
785 1257
2429 1257
2430 29
2431 1258
1194 41
2432 159
2433 188
2434 280
2261 310
2377 310
2435 650
2436 755
2418 755
1430 782
1719 888
1617 931
2435 979
2325 1005
2437 1005
2002 1022
2131 1022
926 1111
2438 1116
793 1117
2439 1259
2390 1260
2304 1261
1343 1262
1649 1263
1982 1264
2440 1265
965 1266
2441 489
2442 21
1710 687
2434 290
1073 23
1346 7
1508 106
2328 228
438 283
2000 310
1300 579
2443 598
2444 688
2289 726
1838 939
2172 947
2445 954
1987 979
1201 1014
2446 425
1972 1071
2066 1071
2447 1156
2211 1228
762 1254
2448 1267
134 21
1697 1268
2115 833
2283 159
2250 188
769 11
2281 464
1354 650
1186 653
2449 1005
2450 1094
1946 615
2325 1112
2417 1173
2281 1197
2127 1197
2451 1218
676 1269
1581 1270
2452 1270
851 1271
1404 1272
2453 1229
2281 44
1002 66
220 11
2454 331
485 370
936 461
2455 465
1724 577
2336 781
2318 829
2363 952
2198 1022
2320 1083
2318 1050
898 1055
225 1181
2456 1218
1553 1273
2457 1269
2418 1274
2458 1275
2017 139
704 181
2332 272
1136 11
2459 624
2460 707
1183 1060
1826 1060
2461 1264
2462 1276
704 1277
2463 1042
2464 362
739 11
1031 11
1031 310
1090 888
2465 954
2062 1057
2466 1204
2037 1278
2147 1279
2062 124
1629 66
2400 227
2371 283
2467 283
1832 622
1782 650
1642 653
2325 1005
1317 1005
794 1057
1547 1057
2468 1090
2469 870
894 1235
2470 1195
375 1254
2391 1269
2471 1280
1659 1281
1754 41
2472 188
1193 331
2104 370
2373 613
870 624
2328 882
2261 888
1185 1005
2328 1083
2473 1083
1389 1218
2474 1224
2475 1226
2476 17
1968 440
2439 1282
2477 21
2478 45
2315 1283
2245 642
2323 193
551 464
1408 546
2479 906
375 1003
2480 1005
810 1083
2481 1030
2115 1049
2482 1090
1617 1254
2483 1269
1052 1284
1654 1285
2484 29
2485 29
2486 23
2487 23
235 41
2488 14
1027 1286
2489 833
1678 310
2016 331
2117 370
2117 512
589 630
1040 650
805 755
2490 782
2491 820
2320 1083
917 1083
2360 1057
1532 1287
1809 1287
2137 1271
1190 1288
1380 1289
2307 660
2488 36
1268 1290
2492 1291
2086 14
1469 133
2374 310
805 331
2255 631
2356 802
553 882
1343 466
1829 956
1531 1083
1102 1057
2493 1061
1084 1117
1270 1269
2087 1292
2032 1293
2323 362
1854 188
305 334
535 393
1684 992
2429 1254
2494 76
2178 283
2173 11
2495 11
1629 1108
2107 1294
2496 1245
508 1295
965 489
2497 193
1960 11
2498 291
741 503
2419 619
683 726
1666 782
2499 802
2062 1057
2066 1071
2172 1197
2500 1197
2082 1274
1084 660
2501 573
841 1296
2037 1297
2318 1298
959 1299
536 1300
2000 41
2245 1301
1832 76
2502 139
2503 188
1699 193
2504 1302
2505 272
231 292
255 310
1313 310
1389 523
2111 630
1469 762
2318 385
2506 889
2325 1005
1682 1005
895 1094
970 1060
438 1084
1308 1098
2507 1259
2508 1251
2381 1271
2509 1271
210 1303
91 1304
1195 1305
1562 76
1446 193
1832 310
2261 310
552 503
2510 782
2511 888
677 906
91 1019
2512 956
470 1005
2513 1030
503 1259
2514 1259
2515 1257
2516 1269
911 1299
66 1306
520 1307
2517 1308
1982 1225
2307 112
1914 272
2283 11
2518 308
2150 650
2519 705
2520 749
2521 762
2522 845
2389 385
2523 1148
112 1197
2522 1264
2524 1273
2525 1309
634 1310
134 1311
1604 76
1083 188
2027 292
1719 331
375 503
2371 631
2526 631
1562 631
2100 781
2527 986
2528 1005
614 1030
1935 957
2529 1072
1743 1197
305 471
1935 1244
1935 1312
1935 1313
2501 561
2530 1314
677 911
2307 112
2531 331
2532 683
1502 1003
1935 1098
136 471
762 1254
2451 1273
2533 1289
701 1315
19 156
1554 11
1145 11
647 295
2534 332
244 429
647 577
2535 424
2208 624
2263 624
1223 466
1537 1061
2424 1168
1223 1226
647 1277
1972 1315
1223 1316
2536 1317
2537 21
2538 1318
2539 511
2540 111
1382 168
2319 35
924 188
2541 193
2207 331
2542 416
2485 465
2319 512
432 304
1790 619
328 631
1763 633
1666 782
2543 832
557 1083
1201 1030
2062 1057
1832 1108
2544 1245
2545 1269
2546 1270
2515 1299
1196 1319
2542 1319
2539 1320
1960 1321
1960 1322
1376 1323
2547 1324
2548 1325
2549 1326
1269 290
1418 1327
2062 124
2550 1318
2551 228
527 11
2552 393
2398 530
1231 781
2490 782
2553 766
2554 784
1842 888
1828 952
1842 979
2435 979
1502 1003
2555 1005
2131 1022
375 1084
1483 1119
931 1328
561 1251
2501 1329
2556 719
2556 719
121 23
2557 1290
2558 847
1343 347
1748 347
2257 11
2559 11
2181 310
2037 308
2449 331
1577 331
2352 446
2560 577
2561 424
2356 1083
557 1083
2562 1071
1020 1197
2563 1330
112 17
2479 1273
2561 1271
2564 1331
783 1332
2565 1333
2566 1334
2318 128
2472 188
1812 193
356 127
2331 283
2390 308
813 308
1832 429
2567 546
1656 577
790 631
1102 650
2568 130
2264 766
1531 882
2318 683
924 979
1359 1000
2238 1049
1946 615
2238 1076
2470 1226
1223 1266
1065 1299
2569 1315
2570 29
1370 121
796 1335
2381 446
415 546
612 652
2308 781
2571 829
2320 1083
1684 1055
2572 1072
701 1084
1573 1098
2316 1124
2314 1197
2557 1259
2548 1265
2573 1269
2571 1277
2574 1299
415 1299
2575 1336
2576 910
2238 1337
2114 1338
164 31
1247 41
2577 321
667 88
2578 139
2579 283
739 11
2580 11
2581 292
2582 464
2583 782
2333 385
2062 1057
1731 1147
1643 1197
2508 1251
1666 1299
1968 1339
637 29
872 41
1281 1340
2584 109
1686 283
376 326
986 915
438 631
986 1026
1539 1030
2585 1091
1307 1299
1956 1341
2586 76
680 76
975 188
2384 188
518 280
2188 331
2587 404
785 451
2032 1342
1389 523
2588 624
1377 667
2220 781
1666 782
870 802
2589 855
1385 1343
553 882
1010 905
2320 906
1125 952
2528 1005
2089 1050
2571 1050
1641 1136
413 1197
2590 1212
2591 1330
1309 1344
989 1345
1581 1346
1581 1347
1562 1348
2592 1349
2593 238
2594 139
1011 11
1585 11
579 292
813 280
2338 331
305 334
1439 461
2564 517
1107 576
2595 766
2596 766
2597 829
2598 814
518 1048
1458 1197
2304 1261
971 17
2599 1350
2600 1296
2601 1296
2602 1351
2603 1352
2604 1353
923 1354
2600 1355
785 1356
818 1357
2570 29
872 41
1832 464
1684 624
2605 624
1065 632
2322 829
2102 952
2606 1005
2588 1072
2198 1251
2607 1350
573 1358
134 1359
2608 1360
2318 1361
2609 1362
2610 1363
2000 29
2611 345
2606 23
1859 67
2607 67
1604 41
93 1318
2612 1006
2245 967
2449 76
2037 507
2613 127
2614 631
1581 913
761 1005
2135 1005
2137 1090
1907 1167
91 1197
2371 1254
2216 1364
1611 1365
2615 1366
1246 266
1145 11
2002 292
1806 331
2616 461
1790 619
2589 624
1530 822
2617 956
2131 1022
1874 1186
2618 1186
1404 1197
2311 1245
2427 1296
2619 1367
851 1368
2516 1369
2620 1369
2621 1370
1581 1371
2622 121
2616 124
2623 188
2000 331
2624 221
136 546
2453 913
2134 1372
2625 1057
2456 1373
1455 1090
1176 1152
2547 11
2626 11
322 370
943 416
2627 413
482 631
965 1090
91 1223
1359 1287
2403 1350
1089 1299
2367 1374
2245 1375
2245 1376
2628 416
2281 464
1102 650
1754 855
2629 888
2595 913
2630 1005
2631 1034
2120 1173
1064 1167
2120 1226
2632 1330
2607 1350
2633 1269
1352 1377
917 1378
1562 1379
420 121
177 41
2126 692
2634 1380
1352 61
842 61
294 181
775 188
2377 188
2518 261
2314 11
2635 11
2636 292
2636 331
805 331
2616 523
2637 728
2638 954
2540 1104
2639 1381
2640 1382
2641 1383
2517 1384
2642 29
712 29
1247 41
2643 1385
2644 1386
2645 106
1228 239
482 266
2646 292
1832 619
2647 622
1394 624
2248 650
2648 755
2322 829
1811 275
2649 1011
2320 1083
2650 1197
2651 1330
676 1269
2652 1269
2653 1269
2390 1387
2654 1388
1911 1389
785 1390
2570 29
73 23
1874 940
2655 321
438 283
2594 11
2237 310
2656 331
2657 338
31 495
2658 755
1201 939
2659 952
1157 956
2660 979
924 979
2031 1083
2476 1061
1323 1061
2605 1072
1562 1104
2661 1124
2381 1133
2098 1294
755 1183
49 1344
1044 1391
2662 1392
385 1393
1778 1394
2663 29
2658 23
2664 1395
1228 239
1832 326
1832 310
1746 308
1604 331
2665 474
2666 624
2667 782
2393 800
2668 275
2220 1396
553 906
910 954
854 1061
2431 1072
2669 1077
1946 1090
2572 1197
1494 1214
1531 1212
476 1330
2516 1269
1666 1397
2670 1398
2292 1399
533 1400
1688 1401
2671 1402
1829 940
2672 203
1316 249
2673 292
2674 402
395 465
1763 782
2675 832
2676 889
2677 615
1763 1223
1270 1269
2610 1269
2566 1288
2678 1299
2679 1403
2471 1404
2548 1405
2595 740
231 888
231 979
1107 1057
2680 1111
2238 1288
2681 1406
92 249
739 11
1050 11
92 292
305 334
1084 509
880 650
1300 882
1946 939
2154 1014
2312 1030
1064 1167
2573 1269
2682 1299
1832 1407
2683 1407
2684 1408
2327 1357
2685 1366
91 1402
2119 1404
2641 1409
2686 1410
2687 1411
479 1412
1131 1413
2688 29
2689 120
2254 76
2658 188
182 266
2261 310
813 380
2568 822
1531 275
2690 906
2691 954
2692 1181
2693 1150
1270 1269
2693 1269
2620 1269
2565 1269
1832 1377
278 1315
2694 1315
2220 1391
1370 1412
2497 1414
2695 1415
2000 32
235 41
2696 61
2086 137
2086 18
2697 18
1444 1145
2016 186
1281 292
2390 308
2288 446
2698 624
2699 631
2094 782
2616 953
1497 1094
2700 1049
1084 1183
1689 1203
520 1307
1763 1358
1581 1389
2687 1411
1666 1415
2332 904
2218 904
2642 29
2519 29
2570 29
1073 23
872 41
2701 18
2494 76
2579 76
420 200
2702 203
2688 331
2703 334
552 503
1562 631
2061 671
2704 671
1852 671
854 671
2705 882
2706 889
2707 952
2708 1011
2660 1416
2563 476
2012 1330
2340 1273
2670 1417
2709 1418
1431 131
2709 29
2710 203
2670 203
2331 283
2711 272
1832 310
451 331
2569 465
1389 631
2712 599
1832 855
2713 889
2710 931
2714 1084
2715 1168
1845 1162
2086 1218
2710 1150
762 1254
527 1254
874 1287
1063 1345
2716 1419
2234 1420
2717 1421
792 67
2712 1385
2599 137
2584 266
2718 272
2719 292
1848 310
2720 624
1832 1072
2721 1072
2722 1072
2052 17
2723 1391
2250 188
1125 283
324 11
2724 11
1122 1197
2725 1218
315 1422
2384 188
2726 266
2727 624
2728 652
1102 650
1666 782
1978 831
2729 831
2718 906
2730 906
1044 936
328 952
2731 1117
2259 1168
2732 1168
2180 1148
2052 1254
2733 1330
2734 1330
1002 1345
917 1423
1044 1391
795 1424
2377 1425
2570 29
628 1426
2619 1427
225 41
849 41
1498 63
2377 188
261 188
579 292
2735 308
2736 295
2449 331
2176 631
2737 650
2738 466
2659 952
1695 952
971 1003
2739 1061
2660 1061
2263 1072
2740 1168
109 1181
261 1197
2608 1333
261 1408
2566 1428
2440 1429
2297 24
1813 1386
2037 213
2332 451
2741 373
1137 906
1140 919
2742 952
2743 954
2606 1057
134 1075
1129 1148
2744 1192
1787 1197
667 1251
2745 1350
400 1350
1522 1371
1666 1426
1801 1429
2746 1430
1642 1431
1642 1432
2659 1433
1176 1434
2649 1435
134 124
2746 1436
2747 744
1044 461
2748 650
2749 820
1675 831
2750 888
2751 931
2291 998
167 1192
2752 1196
2291 1197
225 1197
1084 1287
2620 1269
2565 1269
2753 1345
2015 1437
2735 1418
2599 1434
2754 1438
914 1439
2024 1079
1389 1440
2314 67
2245 1441
52 283
1136 11
680 331
2755 383
870 624
2756 658
2377 782
2686 766
1158 1011
1832 1061
2698 1072
1743 1072
2757 1168
2686 1270
2758 1295
2123 1442
2759 1443
2760 41
2188 76
2472 188
1011 11
2761 650
2762 954
278 1026
2763 615
2764 1162
2361 1197
898 1197
2188 1377
1554 1444
2765 1445
2361 188
1357 11
2766 334
2381 466
2767 980
2768 986
842 1223
893 1446
1247 11
2769 11
2377 310
2770 331
2771 474
2171 495
2772 495
2094 782
1337 802
2773 802
2774 831
1113 906
2775 954
2776 1217
2777 979
2778 1031
470 1061
1320 1287
2779 1269
1232 1437
219 1426
2506 1446
2780 1447
305 1448
2781 1449
2782 1450
2783 1451
2784 1452
2318 1453
479 1454
2308 238
2710 1405
2785 347
2771 113
2245 909
2012 217
2012 127
2786 11
2787 11
190 331
2248 650
2788 822
1842 888
2789 979
2790 979
2528 1005
2791 1007
2788 1050
1443 1061
2771 1123
1641 1136
2257 1197
2792 1254
2793 1281
1763 1408
2683 1408
315 1422
2688 29
1379 1434
1581 1455
2012 1456
2794 1457
2571 167
1790 23
659 1458
134 119
2245 1006
2795 11
2796 11
2797 11
2798 11
2207 331
2799 334
2800 685
2170 822
1102 888
134 1011
268 12
2801 1372
859 1060
2025 1060
1382 1090
2742 1197
1832 1223
2779 1269
269 1274
1641 1408
2802 1426
2803 1434
2291 1459
1404 1460
2804 1461
872 41
1832 88
2805 1462
711 188
2281 11
2584 331
2786 464
924 650
2806 650
235 834
2807 913
2808 913
2809 954
2810 305
1611 1090
370 1129
1666 993
971 1197
244 1238
2258 1400
1763 1425
2570 29
1763 1434
2811 1463
2771 1464
2812 1465
2812 1466
2813 1255
2119 1467
2814 847
2016 186
1123 236
2371 283
1703 292
871 429
2798 631
610 711
1666 832
375 953
1129 1372
965 1090
91 1112
2815 1173
1123 1287
2331 1273
2172 1434
2816 1459
2771 1468
31 1469
2817 1253
2818 23
2165 41
2105 1213
2819 1
659 1386
2771 272
434 308
482 461
2820 630
375 952
2821 1011
1029 1015
2398 1061
2671 1072
1122 1197
1309 1344
2723 1391
1130 1434
2822 1470
2823 1471
2824 188
739 11
2825 619
2698 189
573 630
1800 855
2771 1108
2771 1108
2771 1108
1125 1472
2566 1473
1813 1386
2826 137
2827 193
2770 331
2828 393
785 722
2829 814
2416 972
1432 979
2830 1083
2831 1061
135 1223
2723 1251
2832 1307
2770 29
840 1459
2315 1453
1502 1474
2833 121
881 687
2813 321
2151 1283
2398 146
2037 1240
2321 11
2151 295
2834 443
2835 461
93 383
1436 523
2836 413
711 619
2285 630
1507 650
2837 1083
2838 1061
2839 1117
210 1124
2840 1168
461 1269
2841 1277
628 1426
2842 1475
1259 1476
1370 1477
2843 1478
1896 1479
2352 1480
1068 1481
225 41
2844 1386
1259 145
1871 159
2330 335
2472 188
2414 292
2845 685
1723 699
2302 882
2320 1083
910 1090
1577 1161
2846 1197
305 471
2651 1330
2457 1269
2019 1369
859 1469
2847 1479
851 1482
177 1483
2848 1484
2849 1485
2850 1486
1172 1487
1813 1386
1914 272
1842 11
2851 383
2852 424
1961 462
210 619
1443 624
1044 722
470 832
2853 882
2854 1217
2772 1217
2855 1090
1044 1167
552 1197
244 1248
2086 1330
676 1269
2856 1269
2688 29
2857 1434
134 1459
1165 1438
2858 1468
1531 1479
2283 1483
1312 1483
2859 1483
1581 1488
2860 1489
2861 1490
2341 1491
289 1492
2670 1445
1457 153
2862 215
2863 157
438 283
2489 566
2864 650
1259 475
1317 952
1625 953
268 12
1957 1005
294 1140
2865 1148
1404 1197
1029 1313
1259 719
854 910
2824 29
31 29
2131 1435
2320 1479
2416 1483
2866 1483
2518 1493
65 1494
554 924
739 11
2668 432
1638 952
2825 1060
2867 1060
2868 1140
2869 1173
2870 1269
446 1495
1666 1496
858 1497
368 45
2871 76
1145 266
908 11
2872 11
2379 622
2873 385
2763 882
2874 1396
790 952
1270 1269
1666 1497
2875 1498
2876 266
2877 11
372 309
2698 331
2479 579
1759 650
1950 954
2728 1142
2311 1287
1044 1391
2876 1393
2873 1414
1763 1425
1122 1459
2878 1473
1084 1495
2049 1499
2463 1500
1832 1501
2649 1501
2879 1502
785 1503
2873 1504
2880 214
497 159
290 229
1152 619
1562 631
1300 906
2881 954
2812 1072
31 1505
479 1090
2882 1197
1084 1287
793 1287
2883 1307
2884 1307
813 1495
2885 1482
2816 1506
2886 1507
121 23
1477 1508
2887 41
2142 165
2888 266
2889 11
612 280
2434 280
2890 331
2891 331
1204 446
851 424
2761 650
1842 888
910 1083
600 615
1322 1072
2740 1168
2892 1197
2304 1261
1196 1287
1617 1272
2570 29
2893 1435
19 1459
2683 1459
2024 1079
701 1469
2894 1479
2895 1489
65 1494
1011 1509
2566 1510
2896 1511
2844 1386
2819 106
2245 1145
549 188
2897 338
2698 624
2898 768
2899 805
2775 882
2900 972
2826 1005
1979 1083
1443 1061
2665 992
924 1168
2642 1251
2901 1269
1809 1279
1649 1391
1684 1434
2902 1434
2902 1434
2902 1434
2482 1079
1745 1492
1832 1496
1666 1496
2903 1151
624 1512
311 1513
1809 1514
2904 687
235 41
311 1515
1842 11
2037 509
2864 622
2130 630
9 650
2801 775
1800 832
2261 888
2771 615
2905 1168
2906 1400
2745 1434
2902 1434
2907 1492
2813 1516
2441 1517
851 1518
2201 1519
1787 31
177 41
2323 333
1115 622
2299 631
2176 936
2908 1014
2909 1030
870 1072
2308 1104
2461 1488
1666 1520
1118 1521
167 188
2910 333
2911 447
2761 650
2912 882
2874 1396
2363 953
2913 1083
1122 1061
2914 1254
2915 1357
2916 1391
573 1496
595 1520
2036 124
2917 50
311 50
1987 76
2895 35
2918 283
1136 11
680 331
1491 464
2853 882
2919 931
2699 952
2920 979
2273 979
2773 1003
2131 1022
2921 1030
2289 1030
40 1061
40 1072
2922 1077
2563 471
2922 1281
2816 1344
2649 1437
2923 1435
1352 1459
1072 1438
2924 1483
2115 1499
2925 1522
1982 1523
31 1524
2490 1525
2926 1526
2864 24
2895 24
2927 112
1537 1462
667 217
1447 11
1084 280
1196 383
2822 383
965 502
2928 613
2195 189
2259 624
2059 882
2929 913
1649 12
2768 1527
2726 1003
1455 1090
2930 1090
2931 870
2195 1393
1196 29
2932 29
2933 1459
1373 1438
2934 1440
595 1483
971 1483
2935 1518
2566 1528
711 1529
872 41
2936 238
1376 847
73 11
555 280
2937 393
2825 461
2938 505
2938 622
2939 624
2940 624
1443 624
1102 650
851 726
555 741
2510 782
2881 954
2941 1217
2323 1530
2938 1434
2942 1438
2885 1518
2943 1531
2944 1532
2904 1533
73 23
2814 847
1845 9
2945 1445
2946 188
1812 193
2947 11
894 280
2770 331
1137 579
2948 598
2873 829
1701 829
2814 913
2930 939
2949 965
2950 1197
2951 1281
2952 1320
751 1530
328 29
2953 1426
2923 1435
190 1483
177 1483
552 1496
1809 1534
1801 1535
65 1536
2954 1537
1259 1538
1761 1539
2807 744
2955 1283
2398 239
2956 239
2957 272
2880 291
2207 331
1832 429
2814 740
750 581
1830 624
2748 650
2958 673
1051 726
2957 802
1498 906
1044 936
1231 12
2320 1083
1979 1083
870 1083
1830 1072
2882 1197
2588 1492
1832 1497
2959 1540
2839 1541
1498 1542
2075 1543
2616 238
1251 744
727 35
1423 906
2051 29
1122 1524
2863 1544
2960 345
2825 41
2698 188
739 11
741 503
1061 624
2761 650
2497 822
2961 972
1314 1197
2130 1330
2962 1443
2963 1545
2964 41
2719 41
2606 1462
2965 188
1561 11
2966 822
1113 882
2340 882
2967 882
2968 972
1232 1011
624 1015
2969 1072
2970 1168
2557 1259
1044 1391
2563 1443
2261 1496
1666 1497
1968 1497
1292 1497
1530 1504
2954 1537
1801 1546
2807 1547
1801 1548
2971 1462
2972 335
1107 188
641 283
1585 11
2973 11
1084 291
2974 312
787 545
531 566
2786 624
2737 650
2975 1549
1343 466
2273 979
621 1072
2660 1072
2976 1072
2572 1242
461 1269
2573 1269
2620 1269
2972 1281
375 1426
470 1435
2977 1435
2978 1443
1532 1495
1531 1479
1443 1483
2923 1496
2979 1550
2422 1253
1316 1551
2980 1552
2981 1553
2670 1554
2352 1555
438 485
1832 23
745 1340
2254 76
2250 1462
2229 11
2982 11
2772 2
2318 295
1666 503
2983 631
711 781
910 954
2984 1527
2975 1143
1632 1168
2985 1197
2558 1392
1557 1440
2195 1551
2928 1009
2983 65
872 41
2558 758
1483 692
2986 295
680 331
861 619
2893 619
2248 650
2497 762
2711 954
1562 1060
1443 1061
2308 1104
2864 1116
2816 1124
2934 1168
2882 1197
2987 1231
2688 29
2827 1464
2131 1483
2726 1483
861 1536
861 1536
2988 1539
2989 1556
31 1557
2990 23
966 11
1389 631
33 650
1575 693
2991 766
2912 882
2331 954
1145 972
2992 972
711 12
1346 1168
1326 1287
2102 1435
204 1443
1684 1483
2975 1541
2975 1253
2993 1558
2994 1559
2895 31
2807 1560
2995 1340
2732 1340
2996 498
2761 650
2959 822
438 1022
1353 1168
1787 1197
2846 1197
2821 1344
1743 1408
376 1435
2997 1459
2998 1479
2684 1539
1359 1253
2422 1253
2661 1551
2999 1561
3000 1141
2825 41
3001 137
748 11
1031 310
2825 619
1845 622
2485 993
2121 1426
989 1459
595 1483
2902 1340
208 479
268 144
1638 188
625 188
1955 272
2770 292
3002 292
2770 331
2479 579
3003 424
2698 624
2660 624
3003 475
1837 822
2853 882
2814 466
3003 1045
924 1168
2970 1168
3004 1426
2814 1079
3005 1443
2261 1496
1763 1496
1761 1539
1960 1562
1960 1563
2814 1564
858 1565
3006 1565
1090 188
2920 283
714 11
2589 624
3007 650
1928 650
2772 711
3008 882
3009 979
2885 1090
1343 1262
3008 1273
2885 1368
1790 1435
527 1443
762 1496
2986 1504
1960 1556
1223 1566
1259 1566
1084 1567
3010 1567
2544 1568
3011 1340
2472 1462
3012 11
1871 628
32 727
3013 1022
3014 1245
651 1330
2767 1299
400 1426
3015 1079
3016 1443
3017 1553
1666 1565
375 1565
2887 1569
1801 1570
3018 920
2314 11
1089 11
440 292
2688 331
2976 474
136 546
2526 413
2912 882
608 954
750 1119
3019 1119
3020 1168
2816 1197
2034 1197
1268 1259
2688 29
229 1443
515 1571
1294 1479
907 1483
2988 1539
375 1569
2948 1572
2553 1573
518 1574
1832 1575
501 1576
3021 1577
3003 1578
3022 1579
2975 1580
2975 1581
2863 345
3023 24
2155 11
3024 622
91 782
1497 956
3009 979
2606 979
2606 1012
3025 1030
2720 1072
2660 1197
3026 1402
3027 1404
1629 1434
3009 1443
3028 1483
701 1524
332 1582
3029 1583
3029 24
2307 65
2250 188
701 266
3030 283
1416 272
1136 11
1247 11
3031 495
2761 650
2476 1061
2336 1204
134 1402
2121 1426
2051 1442
1007 1488
2807 1561
2993 1584
3032 1585
220 451
2569 781
3033 1210
228 1330
2058 1340
805 331
305 334
1793 503
3003 753
3034 12
52 1022
3035 1435
3036 1438
2970 1586
2283 1483
1583 1488
3037 1492
2893 1524
49 1524
3038 1587
2659 1565
1666 1565
3037 31
2971 1569
375 1569
1960 1588
785 1589
3039 1590
3003 1591
1566 1592
1874 1593
3040 1594
3041 1445
2472 188
2297 11
2957 292
1709 451
2699 631
2853 882
1665 952
600 1012
2752 1014
2384 1299
2807 1392
3042 1426
3043 1435
1790 1435
3044 1443
2974 1493
3024 1518
1361 1537
2297 1551
1832 1565
375 1565
3021 1577
1763 1421
3045 1595
3046 1596
3047 76
2016 186
1554 11
3048 11
1491 540
1443 624
2912 882
1721 906
3009 1168
3049 1330
336 1345
2314 1345
1763 1408
3050 29
2977 1435
3051 1438
3052 1483
2095 1569
3053 1597
851 1598
3027 1599
3054 1600
2810 1601
1722 1602
1376 65
600 41
2760 41
1522 1225
762 76
476 11
2330 343
2561 451
3055 1221
3056 579
3057 876
470 1011
3058 1217
520 1307
2287 1443
2827 1470
190 1483
244 1520
2544 1537
3059 1581
3039 1590
1204 1603
2352 1036
3060 1604
2719 41
527 45
3061 76
527 1515
2707 283
3043 283
527 11
31 331
3062 581
527 619
1389 631
3063 888
1743 1011
2726 1084
3064 1090
2120 1173
2067 1259
2447 1281
2688 29
31 29
2563 1426
1115 1438
3065 1524
375 1569
2447 1605
2120 1606
638 416
2037 545
3066 566
1460 622
2761 650
2398 855
3067 466
2398 1061
1800 1072
220 1161
3068 1299
1122 1426
1531 1479
2676 1479
1176 1489
2037 1607
2037 1608
1801 1609
1713 1610
2192 1611
2807 1612
789 1613
247 159
3049 188
739 11
2872 11
105 292
2497 483
2374 630
2374 650
1201 667
2874 1396
3069 1061
898 993
3070 1287
2827 1307
573 1587
2975 1253
3071 1590
1539 1592
3072 1614
3073 1615
3073 1616
3074 1152
625 76
2670 1445
3075 649
2319 822
3076 906
438 1011
3077 1005
3078 1060
1664 1084
3079 1259
1960 1322
3080 1333
3081 1530
3082 1426
1998 1443
2476 1443
554 1479
3083 1479
3084 1488
134 1524
1960 1535
2422 1253
2566 1617
1218 1618
3085 1619
3086 1620
31 1621
3087 1622
3086 1623
3088 744
3089 1405
3081 35
1530 35
2032 280
328 334
336 503
1411 979
2335 1012
1956 1000
415 1072
3090 1090
3091 1259
3092 1245
1674 1530
3093 1438
1443 1443
745 1443
2663 1483
2808 1516
2141 1531
2012 1551
3094 1565
3071 1565
3009 1569
1265 1624
2641 1625
1790 1626
2032 1623
2165 41
3095 352
911 1462
617 1462
1582 1445
1787 35
911 188
617 188
3096 272
1447 11
1031 310
2371 631
1102 650
2936 693
3097 979
1443 1061
617 1197
617 1350
461 1269
2570 29
3098 1434
617 1459
100 1443
617 1443
1809 1495
2814 1488
1832 1524
911 1569
3099 1582
3100 1627
2086 1628
766 1628
3101 1629
2988 1630
2434 290
3102 1631
3103 1632
3104 76
3105 283
2283 11
3106 11
959 433
2986 577
3107 577
1562 631
237 888
3108 466
2102 954
711 12
1379 992
1011 1124
3109 1161
237 471
2825 1391
2902 1434
2794 1457
1957 1483
2130 1565
2659 1565
2649 1633
2773 1569
3086 1581
898 1582
3110 1582
3088 1634
3027 1635
1998 1636
2825 485
1554 485
2640 1637
872 41
711 352
3067 959
1854 188
3111 188
3112 283
714 11
2188 331
3067 493
1032 12
710 1091
3113 471
1617 1254
2955 1530
3 1425
3104 1438
2034 1443
3034 1443
860 1483
3114 687
3021 1577
2352 1638
487 1639
3115 1640
3116 7
3117 1405
3118 35
3118 577
3119 466
701 1161
762 1254
3120 1641
3120 1431
3120 1432
1307 1443
617 1443
2434 1495
3121 1514
3094 1565
375 1565
617 1633
434 1623
3122 1642
2975 1643
3123 1644
3118 36
2970 1462
669 310
2497 577
1198 722
2916 964
2642 980
3124 99
3048 1287
1665 1345
315 1422
3125 1443
2534 1493
617 1524
3126 1539
2916 892
1557 1645
3127 7
2319 117
3128 266
2606 266
1957 283
3129 287
805 331
2479 579
3130 613
2816 650
762 722
3131 782
2377 782
1880 275
3132 954
3133 1217
3128 1168
3134 1231
3135 1443
1228 31
2760 1569
1245 1627
2323 1585
3129 1646
745 1647
1301 1648
1218 1649
3136 1152
3137 258
2314 11
1389 523
2825 547
1830 624
1064 1167
2975 1245
813 1287
2786 17
2825 1272
1064 1426
3138 1438
2476 1443
3088 1455
2659 1483
1478 1552
2986 1585
3086 1623
1084 1650
3139 1651
2673 41
2577 321
3140 1386
233 117
1660 76
1832 310
3013 693
554 906
220 1003
2706 1037
3026 1223
1790 1435
2130 1565
2800 1617
3141 1652
3142 1652
575 1653
1084 1654
1183 1152
2558 321
2991 744
1583 1655
2312 11
2207 331
3143 451
1246 503
2076 579
2248 650
1832 782
2473 836
3144 1197
3145 1197
2979 1150
3146 1346
1187 1423
2719 29
3147 1434
269 1443
1498 1479
311 1483
3148 1518
552 1565
1231 1565
600 1565
3130 1569
434 1574
3021 1577
1218 1582
2315 167
3149 345
1982 1656
3150 1657
3151 1658
3152 1445
3153 292
1830 310
1649 668
813 1080
3154 1083
3155 1057
1319 1161
971 1223
1746 1279
1309 1344
2768 1382
2323 1530
2698 1443
1966 1518
3063 1659
1298 1624
1298 1624
1044 1660
3156 1661
898 1662
3157 1662
2813 1663
2130 1664
3158 1665
3159 1666
3160 1667
2886 7
1848 1668
235 41
3161 266
3007 283
3056 579
3162 979
732 1057
1836 1414
617 1443
2825 1470
1836 1540
3163 1659
2125 31
98 1569
3164 1624
3110 1662
2975 1669
1836 1670
3165 758
3166 758
1854 188
2825 429
428 446
910 579
438 1011
3167 476
3168 1488
3169 1539
1020 1565
3170 31
332 1671
3171 1671
1201 1672
554 1673
625 76
2250 1462
1585 11
966 11
3172 292
1304 331
396 1011
1881 979
2816 979
3173 1072
57 1059
1787 1197
18 1254
3174 29
3175 1438
476 1443
1443 1443
3035 1565
2569 31
3176 1604
3072 1614
2141 1617
2563 1661
917 1674
1223 1675
1697 1676
2701 76
2972 1445
3177 149
3178 188
3179 237
2297 11
1112 292
2257 292
3018 424
315 613
3180 781
3181 802
3178 979
3173 1032
3182 748
1152 29
223 1443
982 1443
2676 1479
1371 1565
3177 31
2857 1569
999 1669
3183 1674
3173 1677
2060 1677
1658 1678
3184 778
872 41
2186 212
3174 1340
1011 11
2647 383
3185 711
3185 790
2273 888
2059 906
3186 1011
2273 979
1979 1083
3187 1083
2572 1061
3188 1223
3189 1259
3144 1330
2283 1426
2953 1426
3190 1550
552 1565
3191 1421
1223 1624
2390 1652
1270 1679
1343 1680
1731 1681
2999 1682
177 41
2331 76
3192 693
3109 727
2597 822
1064 1167
2846 1197
2858 1353
3123 29
2923 1469
1531 1479
2261 1496
3193 1532
1666 1565
1630 1585
567 1683
2816 1684
3194 1685
3195 1686
3056 1687
2556 1688
2683 41
2219 909
278 76
2825 292
2237 292
617 310
1029 653
3196 688
610 711
3185 790
3197 829
3198 906
2528 1005
2320 1083
617 1032
872 1061
1307 1443
2314 1443
2812 1443
518 1495
3198 1479
2820 1539
600 1565
3199 1569
2893 1618
2556 1454
3200 1689
858 1690
2332 1691
3201 1692
3202 1693
3203 1694
2719 292
3204 312
438 1011
924 979
3205 305
3206 1077
438 1161
2869 1173
1828 29
2484 1426
2732 1434
2698 1443
3162 1659
1103 1675
1176 1695
3207 1696
2434 1697
1834 1386
1813 1458
3204 416
2761 650
3208 1150
315 1330
24 1392
1122 1443
3126 1539
2976 1565
375 1577
1531 1619
1118 1695
3209 55
527 188
3000 283
527 11
1384 292
3210 1173
2067 1259
1443 1330
2035 1344
3211 1435
723 1443
3052 1483
3035 1565
2443 1698
1268 1671
3018 1675
1084 1699
24 1700
3212 1701
3031 1702
2768 1702
1734 1703
3213 1704
3056 1705
2165 41
