1159 869
1159 1748
1159 1741
1159 1629
1159 620
217 1151
217 841
1159 934
1159 1599
1618 1159
1618 547
1159 1648
1159 844
1159 1480
1159 869
1159 359
1159 1105
1159 1629
1159 468
1159 102
1159 1558
1159 1262
1159 2027
1159 1910
217 1151
217 841
1159 613
1159 1987
1037 449
1037 767
1037 1159
1037 1124
1037 1377
1159 1403
1159 643
1159 1070
1159 1748
1159 1558
1575 453
1159 1027
1159 313
1159 1654
1159 1386
1159 1968
1159 943
1159 620
1575 453
1159 1277
1159 1929
1159 1274
1159 892
1159 1325
1159 991
1159 453
1159 1166
1159 1123
1159 923
1159 1629
1159 278
1159 487
1159 1039
1159 1937
1159 1768
1159 1127
1159 1610
1159 1587
1159 660
1159 1770
1159 1396
1159 1786
453 1669
453 713
1159 1179
841 1151
1159 2018
1575 453
1159 56
1159 1601
1159 1881
1159 56
1159 1599
1159 506
1159 1748
1159 1629
1159 1632
1159 1274
1159 1541
1159 340
1159 571
1159 1048
1159 72
1159 359
1159 1748
1159 1629
1159 1219
1159 1587
1159 410
1374 1706
1198 1144
498 246
498 246
1625 1625
1625 1625
101 246
1625 1625
1625 1625
675 895
979 246
1627 246
1625 1625
498 246
505 246
1625 1625
1625 1625
1625 1625
1625 1625
1625 1625
331 246
498 246
1874 1874
498 246
498 246
422 246
977 895
498 246
359 895
1625 1625
1625 1625
1625 1625
498 246
498 246
498 246
1625 1625
498 246
595 246
498 246
1470 246
545 895
1827 895
2020 246
1272 895
1625 1625
1625 1625
1625 1625
1994 895
1972 246
498 246
498 246
520 56
1625 1625
1077 246
1000 895
1625 1625
256 246
1322 246
1625 1625
1625 1625
1625 1625
1625 1625
498 246
498 246
1625 1
1625 1625
1847 246
1625 1625
520 246
1625 1625
498 246
545 895
1625 1625
1842 246
1624 1238
498 246
498 246
811 246
498 246
497 246
1625 1625
1251 246
1625 1625
498 246
836 246
836 825
520 56
839 839
520 246
110 246
498 246
1625 1625
498 246
1625 1625
498 246
1625 1625
1625 1625
1625 1625
1625 1625
1162 895
1401 246
1625 1625
1625 1625
520 246
1625 1625
1000 895
498 246
1625 1625
498 246
341 56
815 815
911 246
498 246
1000 246
1625 1625
1625 1625
1625 1625
1625 1625
1625 1625
1625 1625
1625 1625
422 246
1625 1625
1226 1226
1625 1625
498 246
1625 1625
673 246
446 246
1571 1571
498 246
1625 1625
1625 1625
498 246
1625 1625
498 246
1736 246
498 246
331 246
498 246
1625 1625
1625 299
1625 1625
1874 1874
498 246
110 246
850 246
1145 246
498 246
1647 895
1625 1625
1272 895
1625 1625
359 329
359 476
359 1768
359 1987
359 1550
919 246
1625 1625
422 246
546 246
1625 1625
1625 1625
1745 246
1625 1625
1625 1625
1273 1810
498 246
497 246
498 246
520 246
110 246
1476 246
1156 246
1625 1625
1625 1625
498 246
1625 1625
498 246
1625 1625
1625 1625
1625 1625
498 246
1625 1625
673 246
520 56
1625 1625
1130 246
498 246
1625 1625
1625 1625
1625 1625
341 56
498 246
498 246
498 246
498 246
498 246
331 246
1625 1625
1579 895
2006 453
2006 895
2006 1287
498 246
256 246
498 246
1625 1625
850 869
1625 1625
1874 1874
1043 895
991 895
498 246
1625 1625
498 246
1625 1625
1625 1625
1625 1625
520 56
1625 1625
1625 1625
1625 1625
1625 1625
911 246
700 246
1258 1258
1625 1625
498 246
1625 1625
1625 1625
474 246
675 1500
1625 1625
498 246
1625 1625
422 246
1625 1625
1625 1625
1625 1625
1625 1625
1625 1625
498 246
498 246
1625 1625
498 246
498 246
1339 246
1625 1625
341 56
1625 1625
1625 1625
498 246
1625 1625
498 246
1341 246
498 246
110 246
1625 1625
498 895
1624 1238
1625 1625
1625 1625
1625 1625
1625 1625
645 246
1625 1625
1625 1625
1625 1625
1625 1625
498 246
1625 1625
1625 1625
359 453
359 895
1343 246
498 246
1625 1625
256 895
498 246
1625 1625
271 246
498 246
1922 1288
1922 246
1922 1952
1908 895
897 1906
110 246
1161 246
1651 1651
1625 1625
1625 1625
1115 246
1412 895
256 246
498 246
1625 1625
1625 1625
110 246
1596 246
498 246
1625 1625
1625 1625
1625 1625
1625 1625
1625 1625
1625 1625
787 246
220 56
1625 1625
1625 1625
1625 1625
331 246
1994 895
911 246
1339 246
498 246
1625 1625
498 246
1625 1625
498 246
341 56
1625 1625
1625 1625
1625 1625
648 246
498 246
498 246
341 56
1625 1625
1063 246
256 246
310 246
1625 1625
1145 246
1906 1500
1906 730
1906 140
1906 449
1625 1625
1625 1625
1625 1625
1900 246
1016 895
1651 1651
1625 1625
318 1
1517 246
498 246
1625 1625
979 246
520 246
498 246
1625 1625
498 246
1000 246
498 246
498 246
520 56
498 246
1625 1625
498 246
256 246
1729 246
1625 1625
498 246
675 1500
675 1952
815 815
1625 1625
498 246
1625 1625
1900 246
1763 246
1625 1625
1079 1005
1625 1625
1625 1625
588 246
103 246
1003 246
1882 993
1882 993
1882 993
1882 993
1882 993
1882 993
1882 993
1882 993
1882 993
1882 993
1882 993
1882 993
1882 993
1882 993
1882 993
1882 993
1882 993
1882 993
1882 993
1882 993
1882 993
1882 993
1882 993
1882 993
1882 993
1882 993
1 993
1882 993
1882 993
1882 993
1882 993
1882 993
1882 993
1882 993
1882 993
1882 993
1 993
1882 993
1882 993
1882 993
1882 993
1882 993
1882 993
1882 993
1882 993
1882 993
1882 993
632 993
1 993
1882 993
1882 993
1882 993
1882 993
1882 993
1882 993
1882 993
1882 993
1882 993
1882 993
1882 993
1882 993
1882 993
1 993
1882 993
1882 993
1882 993
1 993
1882 993
1882 993
1882 993
1882 993
1882 993
1882 993
1882 993
1882 993
1882 993
1882 993
1882 993
1 993
1882 993
1882 993
1882 993
1882 993
1882 993
1882 993
1882 993
1882 993
1882 993
1882 993
1882 993
1882 993
1882 993
1882 993
1882 993
1223 993
1882 993
1882 993
1882 993
1882 993
1882 993
1 993
1882 993
1882 993
1882 993
1882 993
1882 993
1882 993
1882 993
1882 993
1882 993
1882 993
1882 993
1882 993
1882 993
1882 993
1882 993
1882 993
1882 993
1 993
1882 993
1882 993
1882 993
1882 993
1882 993
1 453
1625 1625
547 453
547 607
547 453
341 56
547 1631
547 968
547 1840
1007 278
547 1521
1550 1748
415 1092
547 801
1 278
1 1732
1 1669
1669 1669
1669 504
1 1669
1 1475
1277 1669
1277 1277
1 1669
1 1496
1669 1120
1669 1669
1669 57
1669 1669
1669 1669
1669 1839
1 1669
1 525
1 1669
1 1235
1669 1669
1669 486
1 1669
1 1028
1 1669
1 1431
1 1669
1 1530
1 1669
1 1448
1669 1669
1669 1917
1 1669
1 1969
1 1669
1 317
1669 313
1669 1669
1669 1669
1669 1440
1 1669
1 1247
1 1669
1 950
1 1732
1 1669
1669 1669
1669 171
1 1669
1 1448
1669 155
1669 1669
1669 1669
1669 1832
1669 1770
1669 1669
1 1669
1 1765
1669 1629
1669 1669
1878 1669
1878 1878
1669 1669
1669 1586
1669 1669
1669 1507
702 1669
702 702
1 1732
1 1669
1 1669
1 644
1669 1189
1669 1669
1669 1669
1669 1917
1 1669
1 1431
1 1669
1 1260
1 1669
1 1969
1 1669
1 742
1669 155
1669 1669
1669 1669
1669 1839
1669 1669
1669 380
1669 1669
1669 1586
1277 1669
1277 1277
1 1669
1 1643
1669 1189
1669 1669
1 1766
1 1669
1 1669
1 1260
1669 247
1669 1669
1669 1669
1669 2015
1669 1669
1669 1004
1 1669
1 1260
1669 1669
1669 199
1 1726
1 1669
1277 1669
1277 1277
1 1669
1 612
1669 1669
1669 1586
1669 1669
1669 630
1586 1669
1586 1586
1669 750
1669 1669
1669 1669
1669 321
1669 1120
1669 1669
1 1732
1 1669
1 1669
1 752
1 1669
1 1969
1323 1669
1323 1323
1669 1669
1669 1004
1669 1669
1669 1839
1 1669
1 1176
1 1669
1 1475
1 1669
1 1969
1669 1669
1669 1839
1 1669
1 1235
1 1669
1 254
1277 1669
1277 1277
1 1669
1 722
1 1669
1 1969
1 1669
1 1969
1 1669
1 1969
1669 1669
1669 1826
1669 1669
1669 1586
1669 1669
1669 1878
1 1669
1 1969
1669 1669
1669 1878
1669 1669
1669 1264
1 1732
1 1669
1 1669
1 1225
1669 1189
1669 1669
1 1509
1 1669
1 1669
1 1969
1 1669
1 1431
1 1669
1 52
1669 1669
1669 1160
1 1669
1 1824
1878 1669
1878 1878
1 1669
1 1849
245 245
245 1669
1 1669
1 600
1669 1669
1669 868
1 1669
1 1969
1398 1669
1398 1398
1 1669
1 325
1 1732
1 1669
1669 1669
1669 1338
1 1669
1 1969
1669 57
1669 1669
1 1669
1 1260
1 1669
1 1969
1 1669
1 1530
1669 1669
1669 1277
1277 1669
1277 1277
1669 1669
1669 1160
1669 1669
1669 486
1277 1669
1277 1277
1669 768
1669 1669
1 1669
1 49
1669 1669
1669 1721
1669 1669
1669 479
1669 1120
1669 1669
1669 1669
1669 9
1 1669
1 1448
1 352
1 1669
1669 1669
1669 1564
1669 1669
1669 597
1 1669
1 644
1669 1669
1669 1586
1669 1002
1669 1669
1 1669
1 16
1 1732
1 1669
1669 1669
1669 585
1669 1669
1669 1160
1669 1669
1669 1826
1669 1669
1669 662
1 1669
1 1969
1 1669
1 1176
1 1719
1 1669
1669 1120
1669 1669
1 1669
1 1448
1669 1669
1669 868
1669 1189
1669 1669
1839 1669
1839 1839
1669 1669
1669 1235
1669 1669
1669 1398
1669 1669
1669 1839
1 1669
1 448
1 1669
1 1391
1669 1669
1669 1721
1669 1669
1669 9
1 1669
1 384
1120 1120
1120 1669
1669 1120
1669 1669
1 352
1 1669
1 352
1 1669
1 1669
1 1643
1 1669
1 1448
1669 1189
1669 1669
247 247
247 1669
1 1669
1 1431
1 1669
1 123
1 1669
1 1448
1 1669
1 1849
1669 1669
1669 1398
1 1669
1 1260
1 1669
1 623
1669 212
1669 1669
1669 1189
1669 1669
1669 1669
1669 1878
1 1669
1 1431
1 1669
1 1431
1277 1669
1277 1277
1 1669
1 1176
1 1669
1 1593
1669 1669
1669 2027
1669 1669
1669 611
1669 1669
1669 199
1669 1071
1669 1669
1669 1669
1669 1859
1669 1669
1669 1586
1 1669
1 1431
1 1669
1 1496
1669 1669
1669 1951
749 1669
749 749
1669 1669
1669 886
1669 1669
1669 1839
1669 1120
1669 1669
1669 1228
1669 1669
1 1669
1 1431
1 1669
1 1235
1669 1669
1669 199
1 352
1 1669
1669 1669
1669 1850
1669 1669
1669 1586
1669 1669
1669 1878
1669 1669
1669 1826
1 1669
1 525
1669 1669
1669 1455
1 352
1 1669
1669 1669
1669 1576
1 1669
1 314
1669 1669
1669 1730
1 1669
1 752
1 1669
1 1431
1 1669
1 1375
1669 1669
1669 630
1398 1669
1398 1398
1 1669
1 27
1 1669
1 1260
1669 1669
1669 1586
1 1669
1 1285
1669 1669
1669 868
1 1669
1 1235
1669 1669
1669 278
1669 1669
1669 1370
1 1817
1 1669
1669 1189
1669 1669
1 1669
1 1969
1669 1669
1669 1277
1878 1669
1878 1878
1669 1669
1669 674
1 1669
1 1431
1669 1669
1669 1633
1669 1669
1669 813
1669 1669
1669 537
1 1669
1 1969
1 1669
1 448
1 1669
1 1448
1669 1120
1669 1669
1 1669
1 1235
1277 1669
1277 1277
1669 1669
1669 1004
1669 1669
1669 1826
1669 26
1669 1669
1669 1669
1669 868
1669 1669
1669 1586
1669 1669
1669 2015
1669 1669
1669 1586
1669 1669
1669 662
1 1669
1 1260
1669 1669
1669 674
1669 1669
1669 1004
1 1766
1 1669
1 1669
1 644
1669 1669
1669 1878
1669 750
1669 1669
1669 1669
1669 791
1669 1669
1669 868
1 1669
1 1969
1 1669
1 1849
1 352
1 1669
1 1669
1 1235
1 352
1 1669
1 1669
1 2022
1669 1669
1669 1734
1669 1669
1669 1839
1669 1713
1669 1669
1 770
1 1669
1 1669
1 1448
1 1669
1 1969
1 1669
1 314
1120 1120
1120 1669
1669 1669
1669 630
1 1669
1 552
1669 1669
1669 199
1669 845
1669 1669
1669 659
1669 1669
1669 1669
1669 1898
1669 1669
1669 1004
1 1732
1 1669
1669 1120
1669 1669
1669 1669
1669 120
1 1669
1 1260
1669 1669
1669 120
1669 1669
1669 1783
1 1669
1 1316
1 1669
1 1534
1669 1224
1669 1669
1 1669
1 1969
1 1669
1 1969
1 1669
1 1969
1669 1669
1669 597
1669 155
1669 1669
1 1669
1 967
1669 26
1669 1669
1 1669
1 1969
1 1669
1 1260
1 1669
1 1225
120 1669
120 120
1277 1669
1277 1277
1 1669
1 1969
1 1669
1 1969
1669 1669
1669 868
1669 1669
1669 791
1669 1669
1669 1898
1669 1669
1669 1171
1669 1132
1669 1669
1669 1120
1669 1669
1 1669
1 1260
1669 1669
1669 479
1669 1669
1669 416
1669 1189
1669 1669
1 1669
1 1849
1669 1669
1669 1878
1 1732
1 1669
1 1669
1 612
1669 1669
1669 325
1 1669
1 1475
1669 1669
1669 1839
1 1669
1 1225
1669 1669
1669 985
1 1669
1 1606
1 1669
1 2022
1669 1669
1669 674
1 1669
1 1969
1 242
1 1669
1 1669
1 1225
1669 1669
1669 1878
1669 1189
1669 1669
1669 1669
1669 1734
1669 1669
1669 1804
1669 750
1669 1669
1 352
1 1669
1 352
1 1669
1669 1669
1669 1031
1669 1669
1669 1839
1669 1669
1669 1277
1669 1669
1669 1277
1669 1669
1669 1277
1669 1669
1669 1878
1669 1669
1669 321
1669 1669
1669 1586
1669 1669
1669 380
1 1669
1 1943
1669 1669
1669 120
1 1669
1 652
1669 1332
1669 1669
1 1669
1 1969
1 1669
1 1969
1 1669
1 294
1 1669
1 52
1 1646
1 1669
1586 1669
1586 1586
1669 1669
1669 1296
1669 1669
1669 1721
1 1669
1 1448
1669 1669
1669 199
1 1669
1 1969
1669 1669
1669 1277
1669 1669
1669 1878
1 352
1 1669
1669 1669
1669 1951
1669 1669
1669 1398
1669 313
1669 1669
1 1669
1 722
1669 1669
1669 1822
1669 352
1669 1669
1 1669
1 1530
1 1669
1 1438
1839 1669
1839 1839
1 770
1 1669
1669 1669
1669 985
1669 1669
1669 1905
1669 1669
1669 1878
1 1669
1 317
1 758
1 1669
1 1719
1 1669
1669 1669
1669 1160
1669 1120
1669 1669
1 1669
1 1075
1277 1669
1277 1277
1277 1669
1277 1277
1669 1669
1669 278
1 1669
1 1969
1 1669
1 644
1669 1669
1669 1826
1 1669
1 1260
1398 1669
1398 1398
1 1669
1 1431
1669 1669
1669 1826
1669 1669
1669 1951
1 1669
1 317
1669 1189
1669 1669
1669 155
1669 1669
1669 552
1 1669
1 1475
1 1669
1 1969
1 1669
1 612
1 1669
1 530
1 1669
1 325
1 1669
1 1969
1 1669
1 1835
1 1669
1 1260
1 1669
1 1696
1 1669
1 1836
1 1669
1 612
1669 1669
1669 1398
1 1669
1 1643
1 1669
1 2029
1669 1669
1669 1277
1 1669
1 612
1669 1120
1669 1669
1 1669
1 1969
1 1669
1 1176
1 1669
1 1969
1669 1120
1669 1669
1 1669
1 1235
1 1669
1 1849
1669 1669
1669 1839
1669 1669
1669 7
1669 1669
1669 1277
1669 1120
1669 1669
1398 1669
1398 1398
1669 1669
1669 1818
1 455
1 1669
1 1732
1 1669
1669 247
1669 1669
1 1669
1 1849
1 352
1 1669
1669 1669
1669 1783
1 1669
1 1849
1669 1669
1669 1826
1 1669
1 1225
1669 1669
1669 1586
1669 1669
1669 1878
1 1669
1 1969
1 352
1 1669
1 1732
1 1669
1 1669
1 1431
1 1669
1 1448
1 352
1 1669
1 1669
1 1969
1 352
1 1669
1669 1669
1669 413
1669 1669
1669 1277
1 1732
1 1669
1669 1669
1669 1277
1669 1669
1669 1507
1669 1669
1669 2017
1 1669
1 1969
1669 1770
1669 1669
1669 966
1669 1669
1669 1002
1669 1669
1669 1189
1669 1669
1 1732
1 1669
1669 1669
1669 1586
1 1669
1 1849
1 1817
1 1669
1 352
1 1669
1 1669
1 1985
1669 1669
1669 1172
1669 1669
1669 1586
1669 26
1669 1669
1 1669
1 1969
1669 1669
1669 7
1669 1669
1669 1806
1 1669
1 1431
1669 1669
1669 1721
1669 1669
1669 1806
1 1669
1 1969
1 1719
1 1669
1669 1669
1669 2015
1669 1669
1669 1550
1 1669
1 1260
1669 1669
1669 1568
1 1719
1 1669
1 1732
1 1669
1669 1669
1669 1826
1669 1669
1669 413
1 1669
1 1448
1 352
1 1669
1669 1189
1669 1669
120 1669
120 120
895 279
1127 453
